0.589239	0 1 2 3 4 5 6 7 8 9 
0.634116	0 1 2 3 4 5 6 8 7 9 
0.68626	0 1 2 3 4 6 5 7 8 9 
0.731138	0 1 2 3 4 6 5 8 7 9 
0.837553	0 1 2 4 3 5 6 7 8 9 
0.85164	0 1 2 3 4 6 7 5 8 9 
0.866926	0 1 2 3 4 7 5 6 8 9 
0.894594	0 1 2 3 4 6 7 5 9 8 
0.9014	0 1 2 3 4 5 9 6 7 8 
0.909171	0 1 2 3 5 4 7 6 8 9 
0.931363	0 1 2 3 4 5 7 9 8 6 
0.94165	0 1 2 4 3 5 6 9 7 8 
0.942564	0 1 2 4 3 6 5 7 8 9 
0.95698	0 1 2 3 5 4 7 6 9 8 
0.998571	0 1 2 3 4 7 5 8 6 9 
1.02092	0 1 2 3 5 4 8 6 7 9 
1.03486	0 1 2 3 4 6 7 8 5 9 
1.03893	0 1 2 4 3 5 8 6 7 9 
1.04375	0 1 2 3 4 6 8 5 9 7 
1.04559	0 1 2 3 4 5 9 7 8 6 
1.05898	0 1 2 3 4 5 9 8 6 7 
1.07059	0 1 2 4 3 5 7 8 6 9 
1.09759	0 1 2 3 4 6 9 5 7 8 
1.1122	0 1 2 4 3 5 8 6 9 7 
1.1241	0 1 2 4 3 5 8 7 6 9 
1.12598	0 1 3 2 4 5 7 6 9 8 
1.12746	0 1 3 2 4 6 5 7 8 9 
1.1304	0 1 2 3 5 4 7 9 6 8 
1.14527	0 1 2 3 4 8 5 6 9 7 
1.14626	0 1 2 3 4 8 5 7 6 9 
1.21989	0 1 2 3 5 6 4 8 7 9 
1.23919	0 1 2 3 5 6 4 7 9 8 
1.26341	0 1 2 3 5 4 9 7 6 8 
1.26838	0 1 2 3 4 7 8 5 6 9 
1.26956	0 1 2 4 3 5 8 7 9 6 
1.27571	0 1 2 3 5 4 8 9 6 7 
1.27984	0 1 3 2 4 5 8 7 6 9 
1.28186	0 1 2 3 4 6 7 9 8 5 
1.2828	0 1 3 2 4 7 5 6 8 9 
1.28417	0 1 2 4 3 5 8 9 6 7 
1.28639	0 1 2 3 4 9 5 6 8 7 
1.28698	0 1 3 2 4 6 5 8 9 7 
1.2894	0 1 2 3 6 5 4 7 8 9 
1.29302	0 1 2 3 4 6 8 9 5 7 
1.29539	0 1 2 3 6 4 5 9 8 7 
1.29682	0 1 2 4 3 7 6 5 8 9 
1.29732	0 1 2 3 4 6 8 7 9 5 
1.30087	0 1 2 3 4 8 5 7 9 6 
1.30221	0 1 2 3 4 9 5 7 6 8 
1.30339	0 1 2 4 5 3 6 7 8 9 
1.30679	0 1 2 3 4 8 6 7 5 9 
1.30774	0 1 3 2 4 6 7 5 8 9 
1.30814	0 1 3 2 4 5 7 9 6 8 
1.30896	0 1 3 2 4 6 5 9 7 8 
1.3141	0 1 3 2 5 4 6 7 8 9 
1.31785	0 1 2 3 6 4 7 5 9 8 
1.31839	0 2 1 3 4 5 6 8 7 9 
1.31933	0 1 3 2 4 7 5 6 9 8 
1.32121	0 1 3 2 4 5 8 6 9 7 
1.3236	0 1 2 3 5 4 8 9 7 6 
1.32383	0 1 2 4 3 5 9 8 6 7 
1.32426	0 2 1 3 4 5 6 7 9 8 
1.32824	0 1 2 4 3 6 8 5 9 7 
1.3283	0 1 2 4 5 3 6 7 9 8 
1.32896	0 1 2 3 4 8 5 9 6 7 
1.33002	0 1 2 4 3 7 6 5 9 8 
1.33104	0 2 1 3 4 5 7 6 8 9 
1.33223	0 1 2 3 4 9 6 5 7 8 
1.33455	0 1 2 4 3 5 9 7 8 6 
1.33531	0 1 2 4 3 7 5 8 6 9 
1.33613	0 1 2 3 4 7 8 6 5 9 
1.3384	0 1 2 3 5 7 4 6 8 9 
1.33936	0 1 2 3 5 4 9 7 8 6 
1.34315	0 1 2 3 4 6 9 8 5 7 
1.34326	0 1 2 4 3 6 7 8 5 9 
1.3463	0 1 2 3 5 6 4 8 9 7 
1.34735	0 1 2 4 3 6 9 5 7 8 
1.3482	0 1 2 3 5 4 9 8 6 7 
1.35102	0 1 2 3 6 5 4 8 7 9 
1.35137	0 1 3 2 4 6 7 5 9 8 
1.35304	0 1 2 3 7 4 5 6 8 9 
1.35532	0 1 2 3 4 8 7 5 6 9 
1.35567	0 1 3 2 4 5 7 8 9 6 
1.35635	0 1 2 4 3 5 8 9 7 6 
1.35845	0 1 3 2 5 4 6 8 7 9 
1.36045	0 1 2 3 6 4 8 5 7 9 
1.36136	0 1 3 2 4 6 5 9 8 7 
1.36525	0 1 2 4 5 3 6 8 7 9 
1.37056	0 1 2 3 4 7 6 8 9 5 
1.37424	0 1 2 4 3 8 5 6 7 9 
1.37565	0 1 2 3 4 7 9 5 6 8 
1.38149	0 1 2 3 6 5 4 7 9 8 
1.3843	0 1 2 4 3 7 5 9 6 8 
1.38525	0 1 2 3 4 9 6 5 8 7 
1.38732	0 1 2 3 5 6 4 9 7 8 
1.38756	0 1 2 3 5 4 9 8 7 6 
1.38968	0 1 3 2 4 7 6 5 8 9 
1.39229	0 2 1 3 4 5 7 6 9 8 
1.39424	0 1 2 4 3 5 9 8 7 6 
1.39582	0 1 3 2 5 4 6 7 9 8 
1.39677	0 1 2 4 3 6 8 7 5 9 
1.39748	0 1 2 4 3 6 9 5 8 7 
1.3978	0 1 2 3 4 8 5 9 7 6 
1.3999	0 1 2 3 5 7 4 6 9 8 
1.40184	0 2 1 3 4 6 5 7 8 9 
1.40216	0 1 2 3 4 6 9 7 8 5 
1.40585	0 1 2 3 7 4 5 6 9 8 
1.40825	0 1 2 3 4 6 8 9 7 5 
1.40938	0 1 2 5 3 4 6 7 8 9 
1.41007	0 1 3 2 5 4 7 6 8 9 
1.41394	0 1 3 2 4 5 7 9 8 6 
1.4161	0 1 2 4 5 3 7 6 8 9 
1.41724	0 1 2 3 4 9 5 7 8 6 
1.41923	0 1 3 2 4 7 5 8 6 9 
1.42011	0 1 2 3 4 7 6 9 8 5 
1.42154	0 1 2 4 3 6 7 9 5 8 
1.42284	0 1 2 3 4 9 5 8 6 7 
1.42307	0 1 2 3 4 8 7 6 5 9 
1.42436	0 1 2 4 5 3 6 9 7 8 
1.42535	0 1 3 2 4 7 6 5 9 8 
1.4278	0 2 1 3 4 5 6 8 9 7 
1.42889	0 1 2 3 4 7 8 5 9 6 
1.43281	0 1 2 3 5 6 4 9 8 7 
1.43476	0 1 3 2 4 5 9 6 7 8 
1.43924	0 1 2 4 5 3 7 6 9 8 
1.44306	0 1 2 4 5 3 6 8 9 7 
1.44393	0 1 3 2 4 6 8 5 7 9 
1.44482	0 1 3 2 4 5 8 7 9 6 
1.45053	0 2 1 3 4 5 6 9 7 8 
1.4596	0 1 2 4 3 8 5 6 9 7 
1.46133	0 2 1 3 4 6 5 8 7 9 
1.46175	0 1 2 3 4 6 9 8 7 5 
1.46308	0 1 2 3 6 4 7 8 5 9 
1.4636	0 2 1 3 4 5 8 6 7 9 
1.46363	0 1 2 3 4 7 9 6 5 8 
1.46442	0 1 2 3 7 4 6 5 8 9 
1.46572	0 1 2 5 3 4 6 7 9 8 
1.46618	0 1 2 3 6 4 8 5 9 7 
1.46777	0 1 2 4 3 8 5 7 6 9 
1.4731	0 2 1 3 4 5 7 8 6 9 
1.47426	0 1 2 4 3 8 6 5 7 9 
1.47495	0 2 1 3 4 6 5 7 9 8 
1.47505	0 1 2 5 3 4 6 8 7 9 
1.47727	0 1 2 4 5 3 6 9 8 7 
1.47846	0 1 3 2 4 5 9 7 6 8 
1.48139	0 1 3 2 5 4 6 8 9 7 
1.48359	0 1 2 3 5 7 4 8 6 9 
1.48454	0 1 3 2 5 4 7 6 9 8 
1.48485	0 1 2 3 4 9 5 8 7 6 
1.48584	0 1 2 3 4 9 6 7 5 8 
1.4886	0 1 2 3 6 5 4 8 9 7 
1.4938	0 1 3 2 4 5 9 6 8 7 
1.49446	0 1 2 4 3 7 5 8 9 6 
1.49458	0 2 1 3 4 5 6 9 8 7 
1.4949	0 1 2 5 3 4 7 6 8 9 
1.49534	0 2 1 3 5 4 6 7 8 9 
1.49592	0 1 2 3 4 7 9 5 8 6 
1.4983	0 1 3 2 4 7 5 9 6 8 
1.50242	0 1 2 3 7 4 5 8 6 9 
1.50297	0 1 2 4 3 7 6 8 5 9 
1.50493	0 1 2 3 4 9 7 5 6 8 
1.50655	0 1 2 4 3 9 5 6 7 8 
1.5105	0 1 2 3 5 6 7 4 8 9 
1.5133	0 1 2 4 3 6 9 7 5 8 
1.51721	0 1 2 3 4 8 6 9 5 7 
1.51771	0 1 2 4 3 7 5 9 8 6 
1.51875	0 1 3 2 4 5 8 9 6 7 
1.52088	0 1 3 2 5 4 8 6 7 9 
1.5236	0 1 2 3 6 4 8 7 5 9 
1.52387	0 1 2 3 7 4 6 5 9 8 
1.52533	0 1 2 3 4 8 7 5 9 6 
1.52572	0 1 3 2 4 8 5 6 7 9 
1.53059	0 1 3 2 5 4 7 8 6 9 
1.53309	0 1 2 4 6 3 5 7 8 9 
1.53379	0 1 2 4 5 3 8 6 7 9 
1.5338	0 1 2 3 4 8 6 7 9 5 
1.53606	0 1 3 2 5 4 6 9 7 8 
1.53717	0 1 3 2 4 6 7 8 5 9 
1.53896	0 1 2 3 6 5 4 9 7 8 
1.54271	0 1 2 5 3 4 7 6 9 8 
1.54488	0 1 2 3 5 8 4 6 7 9 
1.54617	0 2 1 3 4 5 8 7 6 9 
1.5466	0 1 3 2 4 6 8 5 9 7 
1.55197	0 1 2 4 3 6 7 8 9 5 
1.56119	0 2 1 3 5 4 6 8 7 9 
1.5613	0 2 1 3 5 4 7 6 8 9 
1.56155	0 1 2 3 4 7 8 6 9 5 
1.56618	0 1 2 4 3 9 5 6 8 7 
1.5671	0 1 2 4 3 8 6 5 9 7 
1.56746	0 1 4 2 3 5 6 7 8 9 
1.56927	0 1 2 4 5 3 7 8 6 9 
1.57146	0 2 1 4 3 5 6 7 8 9 
1.57216	0 1 3 2 4 5 8 9 7 6 
1.57269	0 1 2 4 6 3 5 7 9 8 
1.57379	0 1 3 2 4 7 5 8 9 6 
1.57496	0 2 1 3 4 5 8 6 9 7 
1.57718	0 1 2 3 7 5 4 6 8 9 
1.57728	0 1 3 2 5 4 6 9 8 7 
1.57849	0 2 1 3 4 6 5 8 9 7 
1.57967	0 1 2 4 3 7 6 9 5 8 
1.58197	0 1 3 2 4 5 9 7 8 6 
1.58214	0 1 3 2 6 4 5 7 8 9 
1.58221	0 2 1 3 5 4 6 7 9 8 
1.58445	0 1 2 3 6 5 4 9 8 7 
1.58487	0 1 2 4 3 6 8 9 5 7 
1.585	0 2 1 3 4 5 7 9 6 8 
1.58783	0 1 2 5 3 4 6 8 9 7 
1.5897	0 1 2 3 4 9 7 6 5 8 
1.59234	0 1 2 4 3 9 5 7 6 8 
1.59385	0 1 2 3 6 4 9 5 7 8 
1.59494	0 1 2 4 6 3 5 8 7 9 
1.5961	0 1 2 4 3 6 7 9 8 5 
1.59705	0 1 3 2 5 4 8 7 6 9 
1.59717	0 1 4 2 3 5 6 7 9 8 
1.59821	0 1 2 3 5 7 4 9 6 8 
1.5996	0 2 1 3 4 7 5 6 8 9 
1.59976	0 2 1 3 4 6 7 5 8 9 
1.59998	0 1 2 3 7 4 5 9 6 8 
1.60038	0 1 2 3 6 4 7 9 5 8 
1.60239	0 1 2 5 3 4 6 9 7 8 
1.60648	0 1 2 3 4 9 6 8 5 7 
1.60657	0 1 3 2 4 5 9 8 6 7 
1.60679	0 1 2 3 5 6 7 4 9 8 
1.60798	0 1 2 4 3 7 8 5 6 9 
1.60846	0 1 3 2 4 8 5 7 6 9 
1.60897	0 1 2 4 5 3 8 6 9 7 
1.61154	0 1 2 4 3 6 8 7 9 5 
1.61186	0 1 2 3 5 7 6 4 8 9 
1.61264	0 1 2 4 3 9 6 5 7 8 
1.61283	0 2 1 3 4 6 5 9 7 8 
1.61633	0 1 3 2 4 7 5 9 8 6 
1.61949	0 2 1 4 3 5 6 7 9 8 
1.61951	0 1 2 4 5 3 7 9 6 8 
1.61968	0 1 3 2 4 6 8 7 5 9 
1.62114	0 2 1 4 3 5 6 8 7 9 
1.62312	0 1 2 4 3 6 9 8 5 7 
1.62329	0 1 2 3 8 4 5 6 7 9 
1.62399	0 1 3 2 4 8 5 6 9 7 
1.6251	0 1 2 4 5 3 8 7 6 9 
1.62566	0 1 3 2 4 6 7 9 5 8 
1.62649	0 1 3 2 6 4 5 8 7 9 
1.62845	0 1 2 3 5 8 4 7 6 9 
1.62895	0 1 2 5 3 4 8 6 7 9 
1.63039	0 1 3 2 4 6 9 5 7 8 
1.63043	0 1 2 3 6 4 9 5 8 7 
1.63079	0 1 2 4 5 3 9 6 7 8 
1.63166	0 1 3 2 4 7 6 8 5 9 
1.63198	0 1 2 3 4 9 7 5 8 6 
1.6326	0 1 3 2 4 8 6 5 7 9 
1.63407	0 1 2 5 4 3 6 7 8 9 
1.63543	0 1 2 4 3 8 6 7 5 9 
1.63812	0 1 4 2 3 5 6 8 7 9 
1.63963	0 2 1 3 5 4 7 6 9 8 
1.64227	0 2 1 3 4 5 7 8 9 6 
1.64247	0 1 2 4 3 8 5 7 9 6 
1.64287	0 1 2 3 7 5 4 6 9 8 
1.64297	0 1 2 3 5 8 4 6 9 7 
1.64406	0 1 3 2 5 4 8 6 9 7 
1.64411	0 1 2 4 3 8 5 9 6 7 
1.64593	0 1 2 5 3 4 7 8 6 9 
1.64797	0 1 2 3 5 7 4 8 9 6 
1.64991	0 2 1 3 4 5 9 6 7 8 
1.65096	0 1 2 3 4 8 6 9 7 5 
1.65105	0 1 3 2 4 5 9 8 7 6 
1.65202	0 1 2 3 5 6 8 4 7 9 
1.65585	0 1 3 2 6 4 5 7 9 8 
1.6563	0 1 2 3 4 7 9 6 8 5 
1.65688	0 2 1 3 4 6 5 9 8 7 
1.65799	0 1 2 3 4 8 7 6 9 5 
1.65883	0 1 2 5 3 4 6 9 8 7 
1.66023	0 1 2 3 6 5 7 4 8 9 
1.66195	0 1 2 3 4 8 9 5 6 7 
1.66529	0 1 3 4 2 5 6 7 8 9 
1.66588	0 2 1 3 4 7 5 6 9 8 
1.66846	0 1 2 3 7 4 5 8 9 6 
1.67013	0 1 2 5 4 3 6 7 9 8 
1.67034	0 1 4 2 3 5 7 6 8 9 
1.6716	0 2 1 3 4 6 7 5 9 8 
1.67228	0 1 2 4 3 9 6 5 8 7 
1.67389	0 2 1 4 3 5 7 6 8 9 
1.67488	0 1 2 4 6 3 5 9 7 8 
1.67561	0 1 2 4 3 7 8 6 5 9 
1.67679	0 1 2 3 4 9 6 7 8 5 
1.68232	0 1 3 2 5 6 4 7 8 9 
1.68283	0 1 2 4 5 3 9 6 8 7 
1.68343	0 1 3 2 5 4 7 9 6 8 
1.68693	0 1 2 4 3 8 7 5 6 9 
1.68745	0 1 2 4 6 3 5 8 9 7 
1.68943	0 1 3 2 4 6 9 5 8 7 
1.69209	0 2 1 3 5 4 6 8 9 7 
1.69291	0 2 1 3 4 5 7 9 8 6 
1.69725	0 1 2 3 5 7 6 4 9 8 
1.698	0 2 1 3 5 4 7 8 6 9 
1.69828	0 1 4 2 3 5 7 6 9 8 
1.6985	0 1 2 4 3 7 9 5 6 8 
1.69963	0 1 2 4 3 6 9 7 8 5 
1.69998	0 2 1 3 5 4 8 6 7 9 
1.70001	0 2 1 3 4 5 9 6 8 7 
1.70109	0 1 2 3 5 7 4 9 8 6 
1.7014	0 1 2 3 7 4 6 8 5 9 
1.70251	0 1 2 3 6 4 7 8 9 5 
1.70402	0 1 4 2 3 6 5 7 8 9 
1.7043	0 1 2 3 4 9 8 5 6 7 
1.70574	0 1 3 2 5 4 7 8 9 6 
1.70615	0 2 1 4 3 5 6 8 9 7 
1.70684	0 1 3 2 4 7 6 9 5 8 
1.70772	0 2 1 4 3 6 5 7 8 9 
1.71026	0 1 2 5 4 3 6 8 7 9 
1.71322	0 1 2 3 7 4 5 9 8 6 
1.71363	0 1 2 3 4 7 8 9 5 6 
1.71415	0 1 4 2 3 5 6 9 7 8 
1.71432	0 1 2 5 3 4 8 7 6 9 
1.71454	0 2 1 4 3 5 6 9 7 8 
1.715	0 1 2 4 5 3 9 7 6 8 
1.7151	0 1 2 4 5 3 7 8 9 6 
1.71536	0 1 2 4 3 6 8 9 7 5 
1.71634	0 2 1 3 4 5 9 7 6 8 
1.71969	0 1 2 4 3 9 5 8 6 7 
1.72016	0 2 1 4 3 5 7 6 9 8 
1.72139	0 2 1 3 4 5 8 7 9 6 
1.72144	0 1 2 3 8 4 5 7 6 9 
1.72306	0 1 3 2 4 7 8 5 6 9 
1.72323	0 1 2 5 4 3 7 6 8 9 
1.72537	0 2 1 3 4 7 6 5 8 9 
1.7257	0 1 4 2 3 6 5 7 9 8 
1.72597	0 1 2 5 3 4 8 6 9 7 
1.72778	0 1 2 4 6 3 5 9 8 7 
1.72791	0 1 2 4 3 7 6 8 9 5 
1.72881	0 1 2 3 7 5 4 8 6 9 
1.72912	0 1 2 3 8 4 5 6 9 7 
1.72988	0 1 3 2 5 6 4 8 7 9 
1.73	0 1 3 2 4 8 6 5 9 7 
1.73227	0 1 2 3 6 7 4 5 8 9 
1.73232	0 2 1 3 4 6 8 5 7 9 
1.73344	0 1 2 4 3 8 5 9 7 6 
1.73421	0 1 3 4 2 5 6 7 9 8 
1.73447	0 1 3 4 2 5 6 8 7 9 
1.73466	0 1 2 3 8 4 6 5 7 9 
1.73861	0 1 2 4 3 9 5 7 8 6 
1.73868	0 1 3 4 2 5 7 6 8 9 
1.7387	0 1 2 3 4 8 9 5 7 6 
1.73917	0 1 4 2 3 5 6 8 9 7 
1.74038	0 1 2 5 3 4 7 9 6 8 
1.74142	0 1 3 2 6 4 5 8 9 7 
1.7422	0 1 2 4 5 3 7 9 8 6 
1.74299	0 2 1 3 5 4 6 9 7 8 
1.7444	0 1 2 3 4 9 6 8 7 5 
1.74569	0 1 2 3 6 4 8 9 5 7 
1.74803	0 1 2 3 6 4 9 7 5 8 
1.74994	0 1 2 3 4 8 9 6 5 7 
1.75135	0 1 2 3 4 7 9 8 5 6 
1.75151	0 2 1 4 3 5 6 9 8 7 
1.75456	0 1 2 4 3 8 7 6 5 9 
1.75518	0 1 2 5 4 3 7 6 9 8 
1.7574	0 2 1 4 3 6 5 8 7 9 
1.75933	0 1 2 4 3 6 9 8 7 5 
1.76186	0 1 2 4 6 3 7 5 8 9 
1.76216	0 1 2 3 6 4 8 7 9 5 
1.7635	0 2 1 4 3 6 5 7 9 8 
1.76484	0 2 1 3 4 7 5 8 6 9 
1.76685	0 1 2 3 6 5 7 4 9 8 
1.76788	0 1 3 2 4 6 7 8 9 5 
1.76909	0 1 3 2 5 6 4 7 9 8 
1.77006	0 1 2 4 5 3 8 7 9 6 
1.77067	0 1 2 3 6 4 7 9 8 5 
1.77084	0 2 1 3 5 4 8 7 6 9 
1.7714	0 1 2 4 3 7 6 9 8 5 
1.77236	0 1 3 2 4 8 5 7 9 6 
1.77467	0 1 4 2 3 6 5 8 7 9 
1.77661	0 1 3 2 4 6 9 7 5 8 
1.77832	0 1 2 3 4 9 8 5 7 6 
1.77855	0 1 2 3 4 7 8 9 6 5 
1.77934	0 1 3 2 6 4 5 9 7 8 
1.77968	0 1 3 2 5 4 8 7 9 6 
1.78238	0 2 1 3 4 5 8 9 6 7 
1.7831	0 1 2 4 3 9 6 7 5 8 
1.78393	0 1 2 3 5 8 4 7 9 6 
1.78411	0 1 3 2 5 4 7 9 8 6 
1.7855	0 1 4 2 3 5 6 9 8 7 
1.78622	0 1 2 4 5 3 8 9 6 7 
1.78637	0 1 2 4 3 7 9 6 5 8 
1.78702	0 2 1 3 5 4 6 9 8 7 
1.78907	0 1 2 3 4 9 8 6 5 7 
1.78991	0 2 1 4 3 5 8 6 7 9 
1.79155	0 1 2 5 3 6 4 7 8 9 
1.79267	0 1 2 3 4 9 7 6 8 5 
1.79379	0 1 2 3 5 6 8 4 9 7 
1.7945	0 2 1 3 4 7 6 5 9 8 
1.79492	0 1 2 4 3 7 8 5 9 6 
1.79677	0 1 2 5 4 3 6 9 7 8 
1.79775	0 1 2 3 7 4 8 5 6 9 
1.79868	0 1 3 4 2 5 7 6 9 8 
1.80138	0 1 3 2 5 4 9 6 7 8 
1.80145	0 1 3 2 6 4 7 5 8 9 
1.80174	0 1 2 3 6 5 8 4 7 9 
1.80472	0 1 3 2 4 9 5 6 7 8 
1.80514	0 1 2 5 3 4 7 8 9 6 
1.80633	0 1 2 4 3 9 5 8 7 6 
1.80634	0 1 2 4 6 3 7 5 9 8 
1.8116	0 1 2 5 4 3 6 8 9 7 
1.81273	0 1 3 2 4 6 7 9 8 5 
1.81298	0 1 3 2 4 8 5 9 6 7 
1.81338	0 1 2 4 3 9 7 5 6 8 
1.81389	0 2 1 3 4 8 5 6 7 9 
1.81428	0 1 2 3 6 7 4 5 9 8 
1.81809	0 1 2 3 4 8 7 9 5 6 
1.82025	0 1 2 5 3 4 9 6 7 8 
1.82057	0 1 3 2 6 4 5 9 8 7 
1.82071	0 2 1 4 3 5 7 8 6 9 
1.82089	0 1 3 2 4 8 6 7 5 9 
1.82099	0 1 2 3 7 4 6 9 5 8 
1.82148	0 2 1 3 5 4 8 6 9 7 
1.82295	0 1 3 2 6 5 4 7 8 9 
1.82374	0 1 2 3 4 7 9 8 6 5 
1.82428	0 1 4 2 3 5 8 6 7 9 
1.82587	0 1 2 4 5 3 9 8 6 7 
1.82617	0 1 4 2 3 5 7 8 6 9 
1.82619	0 2 1 3 4 5 9 7 8 6 
1.82672	0 1 3 4 2 6 5 7 8 9 
1.82786	0 1 2 3 5 8 4 9 6 7 
1.82861	0 1 3 2 4 7 8 6 5 9 
1.82978	0 1 3 2 4 8 7 5 6 9 
1.83228	0 1 4 2 3 6 5 9 7 8 
1.83266	1 0 2 3 4 5 6 7 8 9 
1.83282	0 1 2 3 6 4 9 8 5 7 
1.83505	0 1 2 4 5 3 9 7 8 6 
1.83628	0 1 3 2 4 6 8 9 5 7 
1.8368	0 2 1 3 4 6 7 8 5 9 
1.83714	0 1 3 2 4 7 9 5 6 8 
1.83771	0 1 2 3 5 8 6 4 7 9 
1.83948	0 1 2 4 3 8 6 9 5 7 
1.83992	0 1 2 3 7 6 4 5 8 9 
1.84065	0 2 1 3 4 5 9 8 6 7 
1.84624	0 2 1 3 4 5 8 9 7 6 
1.84691	0 2 1 3 5 4 7 9 6 8 
1.84714	0 1 2 3 8 4 6 5 9 7 
1.85009	0 1 3 2 5 4 9 6 8 7 
1.85015	0 2 1 4 3 6 5 8 9 7 
1.85073	0 1 2 3 7 5 4 9 6 8 
1.85178	0 1 2 5 3 4 7 9 8 6 
1.85223	0 1 2 4 3 7 9 5 8 6 
1.85294	0 2 1 3 6 4 5 7 8 9 
1.85344	0 1 2 6 3 4 5 7 8 9 
1.85427	0 2 1 3 4 6 8 5 9 7 
1.85435	0 1 3 2 5 6 4 8 9 7 
1.85522	0 1 2 3 8 5 4 6 7 9 
1.85562	0 1 3 2 4 9 5 7 6 8 
1.856	0 1 2 4 5 3 8 9 7 6 
1.85703	0 1 3 2 4 6 8 7 9 5 
1.86004	0 1 3 2 5 4 9 7 6 8 
1.86096	0 1 2 5 3 6 4 8 7 9 
1.86206	0 1 2 5 4 3 6 9 8 7 
1.86294	0 1 2 3 5 6 7 8 4 9 
1.86319	0 1 3 2 5 4 8 9 6 7 
1.8663	0 1 2 5 3 4 8 7 9 6 
1.86646	0 1 3 2 4 9 5 6 8 7 
1.86662	0 1 3 2 4 7 6 8 9 5 
1.8677	0 1 4 2 3 6 5 8 9 7 
1.86946	0 1 2 5 3 4 9 6 8 7 
1.87015	0 2 1 4 3 6 5 9 7 8 
1.87035	0 1 2 5 4 3 8 6 7 9 
1.87051	0 1 3 2 6 5 4 8 7 9 
1.87139	0 1 3 4 2 5 6 8 9 7 
1.87248	0 1 2 5 3 6 4 7 9 8 
1.87291	0 1 3 2 7 4 5 6 8 9 
1.87396	0 1 3 2 6 4 7 5 9 8 
1.87504	0 1 2 3 5 9 4 6 7 8 
1.87536	0 2 1 3 5 4 7 8 9 6 
1.87542	0 1 2 3 7 5 6 4 8 9 
1.87583	1 0 2 3 4 5 6 7 9 8 
1.87592	0 1 2 4 3 8 6 7 9 5 
1.87807	0 1 3 4 2 5 7 8 6 9 
1.87852	0 1 2 3 6 4 8 9 7 5 
1.8786	0 1 3 2 4 8 5 9 7 6 
1.87921	0 2 1 4 3 5 8 6 9 7 
1.87955	0 1 2 4 6 3 8 5 7 9 
1.88126	0 1 2 5 3 4 9 7 6 8 
1.88294	0 1 3 2 4 7 8 5 9 6 
1.88301	0 1 2 3 4 8 7 9 6 5 
1.88337	0 1 2 4 3 8 7 5 9 6 
1.88526	0 1 2 3 5 8 4 9 7 6 
1.88535	0 1 2 3 7 4 8 6 5 9 
1.88598	0 1 2 5 4 3 7 8 6 9 
1.88705	0 2 1 4 3 5 8 7 6 9 
1.88719	0 1 3 4 2 6 5 7 9 8 
1.88964	0 1 3 2 5 7 4 6 8 9 
1.89044	0 1 2 3 4 9 7 8 5 6 
1.89092	0 1 3 4 2 5 6 9 7 8 
1.89136	0 1 3 2 4 9 6 5 7 8 
1.89157	0 2 1 3 4 7 5 9 6 8 
1.8922	0 1 2 4 5 6 3 7 8 9 
1.89333	0 1 4 2 3 5 7 9 6 8 
1.89389	0 1 2 4 5 3 9 8 7 6 
1.89491	0 1 3 4 2 5 8 6 7 9 
1.8959	0 1 3 4 2 6 5 8 7 9 
1.89804	0 1 2 4 3 9 7 6 5 8 
1.89908	0 1 2 3 4 8 9 6 7 5 
1.9004	0 2 1 3 4 5 9 8 7 6 
1.90304	0 1 2 3 8 4 5 7 9 6 
1.90363	0 1 4 2 3 6 5 9 8 7 
1.90424	0 1 2 5 3 4 8 9 6 7 
1.90472	0 1 3 2 4 6 9 8 5 7 
1.90524	0 2 1 4 3 5 7 9 6 8 
1.90613	0 1 3 2 4 7 6 9 8 5 
1.90659	0 1 3 2 5 6 4 9 7 8 
1.90674	0 1 2 3 7 5 4 8 9 6 
1.90712	0 2 1 4 3 6 5 9 8 7 
1.90776	0 2 1 3 5 6 4 7 8 9 
1.90946	0 1 4 2 3 5 8 7 6 9 
1.90974	0 1 3 2 6 5 4 7 9 8 
1.90987	0 2 1 3 4 6 8 7 5 9 
1.91004	1 0 2 3 4 5 6 8 7 9 
1.91045	0 1 2 4 3 9 6 8 5 7 
1.91162	0 1 2 3 5 9 4 6 8 7 
1.91226	0 1 3 2 6 4 8 5 7 9 
1.91294	0 1 2 3 6 7 5 4 8 9 
1.913	0 1 4 2 3 6 7 5 8 9 
1.91495	0 1 2 3 7 6 4 5 9 8 
1.91555	0 1 2 3 6 4 9 7 8 5 
1.91834	0 1 3 2 7 4 5 6 9 8 
1.91879	0 2 1 3 6 4 5 8 7 9 
1.9191	0 1 2 6 3 4 5 8 7 9 
1.91963	0 2 1 3 4 8 5 7 6 9 
1.92042	0 1 2 3 8 4 6 7 5 9 
1.92063	0 1 2 4 5 6 3 7 9 8 
1.92087	0 1 2 4 3 7 8 6 9 5 
1.92224	0 2 1 4 3 5 9 6 7 8 
1.92264	0 1 3 2 5 4 8 9 7 6 
1.92522	0 1 2 3 5 9 4 7 6 8 
1.92765	0 1 2 3 5 7 8 4 6 9 
1.93021	0 1 4 2 3 5 8 6 9 7 
1.93204	0 1 4 2 3 6 7 5 9 8 
1.93347	0 1 2 6 3 4 5 7 9 8 
1.93454	0 1 2 3 4 8 9 7 5 6 
1.93533	0 1 3 2 4 8 7 6 5 9 
1.93875	0 1 2 3 6 8 4 5 7 9 
1.93901	0 1 2 3 4 9 8 6 7 5 
1.93964	0 1 2 3 8 4 5 9 6 7 
1.93966	0 2 1 3 4 8 6 5 7 9 
1.93967	0 1 3 2 4 7 9 6 5 8 
1.93977	0 2 1 3 4 8 5 6 9 7 
1.94066	0 1 2 3 9 4 5 6 7 8 
1.94266	0 2 1 4 3 6 7 5 8 9 
1.94283	0 1 2 3 5 6 8 7 4 9 
1.94429	0 1 3 2 5 6 4 9 8 7 
1.94523	0 1 2 3 8 5 4 7 6 9 
1.94594	0 2 1 3 5 4 7 9 8 6 
1.94733	0 2 1 3 5 4 8 7 9 6 
1.94895	0 1 4 2 3 5 9 6 7 8 
1.94992	0 2 1 3 6 4 5 7 9 8 
1.95224	0 1 2 5 4 3 7 9 6 8 
1.9531	0 1 3 2 4 9 6 5 8 7 
1.95385	0 1 2 3 6 5 8 4 9 7 
1.95467	0 2 1 3 4 7 5 8 9 6 
1.95537	0 1 2 3 5 6 9 4 7 8 
1.95625	0 1 2 3 8 4 7 5 6 9 
1.95691	0 1 2 5 4 3 8 7 6 9 
1.95721	0 2 1 3 5 4 9 6 7 8 
1.95824	0 1 4 2 3 7 5 6 8 9 
1.95892	0 1 3 4 2 5 6 9 8 7 
1.95901	0 1 2 3 7 4 6 8 9 5 
1.95921	0 1 2 5 3 4 8 9 7 6 
1.95975	0 1 2 3 7 5 6 4 9 8 
1.96036	0 1 2 5 4 3 8 6 9 7 
1.96052	0 1 3 2 4 6 9 7 8 5 
1.96057	0 1 2 3 5 8 6 4 9 7 
1.96095	0 1 3 2 5 4 9 7 8 6 
1.96122	0 1 2 3 7 4 9 5 6 8 
1.96137	0 1 3 2 4 7 9 5 8 6 
1.96298	0 1 2 3 7 5 4 9 8 6 
1.96376	0 1 2 3 6 4 9 8 7 5 
1.96444	0 1 2 3 8 5 4 6 9 7 
1.96511	0 1 3 4 2 5 8 7 6 9 
1.96513	1 0 2 3 4 5 7 6 8 9 
1.96527	0 2 1 4 3 5 9 6 8 7 
1.96608	0 1 3 2 4 9 5 7 8 6 
1.96626	0 1 3 2 5 7 4 6 9 8 
1.96636	0 1 2 3 4 9 7 8 6 5 
1.96876	0 2 1 3 4 6 9 5 7 8 
1.96917	0 1 2 3 4 9 8 7 5 6 
1.97054	0 1 2 3 7 4 8 5 9 6 
1.97095	0 1 3 2 4 6 8 9 7 5 
1.97174	0 1 2 5 3 7 4 6 8 9 
1.97232	0 1 2 3 5 7 6 8 4 9 
1.97269	0 2 1 3 4 6 7 9 5 8 
1.97285	0 1 2 3 6 7 4 8 5 9 
1.97333	0 1 3 2 5 4 9 8 6 7 
1.97544	0 1 2 4 5 6 3 8 7 9 
1.97568	0 1 2 4 3 9 7 5 8 6 
1.97588	0 1 2 4 7 3 5 6 8 9 
1.97606	0 1 2 4 6 3 8 5 9 7 
1.97629	0 1 2 4 3 8 9 5 6 7 
1.97673	0 1 2 5 3 4 9 8 6 7 
1.9769	0 1 2 5 3 4 9 7 8 6 
1.97722	0 1 4 2 3 7 5 6 9 8 
1.97905	0 2 1 4 3 7 5 6 8 9 
1.98106	0 1 3 2 4 9 5 8 6 7 
1.98206	0 1 3 4 2 7 5 6 8 9 
1.984	0 2 1 3 5 6 4 8 7 9 
1.98439	0 1 4 3 2 5 6 7 8 9 
1.98558	0 2 1 3 4 7 6 8 5 9 
1.98713	0 1 2 4 3 8 6 9 7 5 
1.9876	1 0 2 3 4 6 5 7 8 9 
1.98968	0 2 1 4 3 5 7 8 9 6 
1.99201	0 1 2 4 6 3 7 8 5 9 
1.99237	0 1 3 2 4 8 7 5 9 6 
1.99369	0 1 2 3 9 4 5 6 8 7 
1.995	0 1 3 2 6 5 4 8 9 7 
1.99625	0 1 3 2 7 4 6 5 8 9 
1.99764	0 1 4 2 3 5 7 8 9 6 
1.99869	0 1 2 4 3 9 6 7 8 5 
1.99909	0 1 3 4 2 5 7 9 6 8 
1.99952	0 2 1 4 3 6 7 5 9 8 
1.99977	0 1 2 3 5 9 4 7 8 6 
2.00038	0 2 1 3 5 4 9 6 8 7 
2.00086	0 1 2 3 5 6 9 4 8 7 
2.00371	0 2 1 3 5 4 9 7 6 8 
2.0043	0 1 2 5 4 3 9 6 7 8 
2.00449	0 1 3 2 7 4 5 8 6 9 
2.0059	0 1 2 4 3 7 9 6 8 5 
2.00644	0 1 2 3 9 4 5 7 6 8 
2.00664	1 0 2 3 4 5 6 9 7 8 
2.00677	0 1 2 5 3 6 4 8 9 7 
2.00694	0 1 2 3 4 8 9 7 6 5 
2.0077	1 0 2 3 4 5 7 6 9 8 
2.00801	0 1 3 2 5 7 4 8 6 9 
2.00932	0 1 2 4 3 8 7 6 9 5 
2.01001	0 1 2 3 5 9 4 8 6 7 
2.01137	0 1 2 3 6 7 5 4 9 8 
2.01199	0 1 2 3 5 8 7 4 6 9 
2.01222	0 1 2 4 3 9 8 5 6 7 
2.01228	0 2 1 4 3 5 9 7 6 8 
2.01234	0 1 2 4 7 3 5 6 9 8 
2.01513	0 2 1 3 4 7 5 9 8 6 
2.01541	0 1 2 3 8 4 5 9 7 6 
2.01565	0 1 3 4 2 6 7 5 8 9 
2.01688	0 1 2 4 6 5 3 7 8 9 
2.01837	0 2 1 3 5 6 4 7 9 8 
2.01865	0 1 2 4 6 3 9 5 7 8 
2.01865	1 0 2 3 4 5 6 8 9 7 
2.01886	0 2 1 3 4 6 9 5 8 7 
2.01916	0 1 2 3 7 4 6 9 8 5 
2.02127	1 0 2 3 4 6 5 7 9 8 
2.02151	0 1 3 2 4 8 6 9 5 7 
2.02218	0 1 3 4 2 5 8 6 9 7 
2.02317	0 1 2 5 3 4 9 8 7 6 
2.02414	0 1 3 2 4 9 7 5 6 8 
2.02437	0 1 3 4 2 6 5 8 9 7 
2.02554	0 1 3 2 5 4 9 8 7 6 
2.02563	0 1 3 4 2 7 5 6 9 8 
2.02573	0 2 1 3 5 4 8 9 6 7 
2.02678	0 1 2 3 7 6 5 4 8 9 
2.02694	0 1 4 2 3 5 9 6 8 7 
2.02702	0 1 4 2 3 5 9 7 6 8 
2.02795	0 2 1 4 3 5 7 9 8 6 
2.02839	0 1 2 5 3 6 4 9 7 8 
2.0296	0 1 3 2 4 6 9 8 7 5 
2.02979	0 1 3 2 4 9 5 8 7 6 
2.03066	0 1 3 2 6 4 7 8 5 9 
2.03212	0 2 1 4 3 7 5 6 9 8 
2.03252	0 1 2 3 6 5 7 8 4 9 
2.03271	0 1 4 3 2 5 6 7 9 8 
2.03323	0 1 2 5 3 7 4 6 9 8 
2.03348	0 1 3 2 6 4 8 5 9 7 
2.03439	0 1 3 2 4 9 6 7 5 8 
2.03487	0 1 2 4 5 6 3 9 7 8 
2.03686	0 1 4 2 3 5 7 9 8 6 
2.03748	0 2 1 3 6 4 7 5 8 9 
2.0382	0 1 2 5 4 3 7 8 9 6 
2.04017	0 1 3 4 2 6 5 9 7 8 
2.04088	0 1 3 2 6 5 4 9 7 8 
2.04385	0 1 2 3 8 4 7 6 5 9 
2.04509	0 1 2 3 4 9 8 7 6 5 
2.04773	0 1 3 2 7 4 6 5 9 8 
2.04784	0 1 2 4 6 3 8 7 5 9 
2.04798	0 1 2 3 5 9 4 8 7 6 
2.05557	0 1 2 6 3 4 5 8 9 7 
2.05649	0 1 2 4 6 5 3 7 9 8 
2.05698	0 1 4 3 2 5 7 6 8 9 
2.05735	0 1 2 3 6 8 4 5 9 7 
2.05868	0 2 1 4 3 6 8 5 7 9 
2.05947	0 1 3 4 2 5 7 8 9 6 
2.05981	0 2 1 3 6 4 5 8 9 7 
2.05997	0 1 3 4 2 6 7 5 9 8 
2.06208	0 2 1 4 3 5 8 7 9 6 
2.06211	0 1 2 6 3 4 7 5 8 9 
2.06235	0 1 2 5 4 3 9 6 8 7 
2.06416	0 1 2 4 3 8 9 6 5 7 
2.06421	0 1 2 3 7 4 9 6 5 8 
2.06434	0 1 4 2 3 7 6 5 8 9 
2.06497	1 0 2 3 4 6 5 8 7 9 
2.06519	0 1 3 2 4 8 6 7 9 5 
2.06561	0 2 1 3 5 7 4 6 8 9 
2.0664	0 1 2 4 3 9 6 8 7 5 
2.06694	0 1 4 2 3 6 8 5 7 9 
2.06839	0 2 1 3 4 8 6 5 9 7 
2.06971	0 1 2 4 5 6 3 8 9 7 
2.06976	0 1 3 2 4 7 8 6 9 5 
2.07043	0 1 4 3 2 5 6 8 7 9 
2.07069	0 1 2 4 6 3 9 5 8 7 
2.07168	0 1 2 6 4 3 5 7 8 9 
2.07208	1 0 2 3 4 5 6 9 8 7 
2.07251	0 1 2 5 4 3 7 9 8 6 
2.07332	0 1 2 3 9 4 6 5 7 8 
2.07457	0 1 2 3 7 4 9 5 8 6 
2.07471	0 1 2 5 4 3 9 7 6 8 
2.07583	0 1 3 2 5 8 4 6 7 9 
2.07859	0 1 3 2 6 5 4 9 8 7 
2.079	0 2 1 4 3 5 8 9 6 7 
2.079	0 2 1 3 4 9 5 6 7 8 
2.07989	0 1 2 4 3 8 9 5 7 6 
2.08073	0 2 1 3 5 4 8 9 7 6 
2.08245	0 1 4 2 3 7 6 5 9 8 
2.08481	0 2 1 4 5 3 6 7 8 9 
2.0851	0 1 2 4 6 3 7 9 5 8 
2.08693	0 1 2 3 7 6 4 8 5 9 
2.0871	0 1 2 3 5 6 7 9 4 8 
2.08756	0 1 4 2 3 5 8 7 9 6 
2.08917	0 2 1 5 3 4 6 7 8 9 
2.09165	0 1 2 6 3 4 5 9 7 8 
2.09194	0 1 2 4 7 3 6 5 8 9 
2.09221	0 1 3 2 7 4 5 9 6 8 
2.09328	0 1 2 5 3 6 4 9 8 7 
2.09334	0 2 1 3 5 4 9 7 8 6 
2.09404	0 2 1 3 4 7 8 5 6 9 
2.09675	0 1 2 4 3 7 8 9 5 6 
2.09688	0 1 2 4 3 9 8 6 5 7 
2.09713	0 1 3 2 6 4 8 7 5 9 
2.0976	0 1 3 4 2 7 6 5 8 9 
2.10013	0 1 2 4 6 5 3 8 7 9 
2.1007	0 1 2 4 5 6 3 9 8 7 
2.10119	0 1 4 3 2 5 7 6 9 8 
2.10191	0 1 2 5 4 3 8 7 9 6 
2.10552	0 2 1 3 4 6 7 8 9 5 
2.10817	0 1 3 4 2 6 5 9 8 7 
2.1097	0 2 1 3 5 4 9 8 6 7 
2.11155	0 2 1 4 3 7 6 5 8 9 
2.11226	1 0 2 3 5 4 6 7 8 9 
2.11241	0 1 2 3 6 5 8 7 4 9 
2.113	0 1 3 2 5 6 7 4 8 9 
2.11345	0 1 2 3 5 7 8 4 9 6 
2.11381	0 1 2 3 7 6 5 4 9 8 
2.1141	1 0 2 3 4 5 8 6 7 9 
2.11489	0 1 2 4 3 9 8 5 7 6 
2.11627	0 1 3 2 4 9 7 6 5 8 
2.11697	0 2 1 3 4 7 6 9 5 8 
2.11702	0 1 2 3 9 4 5 7 8 6 
2.11771	0 1 2 3 6 8 4 7 5 9 
2.11796	0 1 2 3 8 6 4 5 7 9 
2.1197	0 2 1 4 3 5 9 8 6 7 
2.12049	0 1 3 4 2 5 7 9 8 6 
2.1207	0 1 3 4 2 5 9 6 7 8 
2.12115	0 2 1 3 6 4 7 5 9 8 
2.1212	0 1 2 3 8 5 4 7 9 6 
2.12241	0 2 1 3 6 5 4 7 8 9 
2.12243	0 1 4 2 3 7 5 8 6 9 
2.12502	0 2 1 3 4 8 5 7 9 6 
2.12605	0 1 3 2 4 8 9 5 6 7 
2.12634	0 1 2 3 9 4 6 5 8 7 
2.12708	0 1 2 3 9 4 5 8 6 7 
2.12712	0 1 2 4 7 3 5 8 6 9 
2.12734	0 1 2 3 6 7 4 9 5 8 
2.12966	0 1 2 4 3 9 7 6 8 5 
2.13059	0 1 2 6 3 5 4 7 8 9 
2.13081	0 1 2 4 3 7 9 8 5 6 
2.13143	0 1 2 6 4 3 5 7 9 8 
2.13196	0 2 1 3 4 6 9 7 5 8 
2.13285	0 2 1 4 5 3 6 7 9 8 
2.13288	0 1 2 6 3 4 7 5 9 8 
2.13345	0 2 1 3 6 4 5 9 7 8 
2.13394	0 1 3 4 2 7 6 5 9 8 
2.13399	0 1 3 4 2 7 5 8 6 9 
2.13453	0 1 2 5 3 7 4 8 6 9 
2.1347	0 2 1 4 5 3 6 8 7 9 
2.13504	0 1 2 4 7 3 6 5 9 8 
2.13801	0 1 2 5 4 3 8 9 6 7 
2.1386	0 2 1 3 4 9 5 6 8 7 
2.1388	0 1 2 3 6 8 5 4 7 9 
2.13927	0 2 1 4 3 5 9 7 8 6 
2.13949	1 0 2 3 4 5 7 8 6 9 
2.14037	0 2 1 3 4 8 6 7 5 9 
2.14065	0 1 4 2 3 5 8 9 6 7 
2.14081	0 1 2 3 6 5 9 4 7 8 
2.14123	0 2 1 4 3 7 5 8 6 9 
2.14292	0 1 2 3 5 7 8 6 4 9 
2.14308	0 1 2 3 7 4 8 6 9 5 
2.14309	0 1 3 2 4 9 7 5 8 6 
2.14313	0 1 3 2 7 5 4 6 8 9 
2.14405	1 0 2 3 4 6 5 9 7 8 
2.14429	0 1 3 2 4 7 9 6 8 5 
2.14548	0 1 2 3 8 4 7 5 9 6 
2.14579	0 1 3 4 2 5 8 7 9 6 
2.14663	0 1 3 2 5 8 4 7 6 9 
2.14667	0 2 1 3 5 6 4 8 9 7 
2.14694	0 1 2 3 5 8 6 7 4 9 
2.14698	0 1 4 3 2 6 5 7 8 9 
2.14753	0 2 1 3 7 4 5 6 8 9 
2.14786	0 1 2 6 4 3 5 8 7 9 
2.14809	0 1 2 6 3 4 5 9 8 7 
2.15294	0 1 4 2 3 6 9 5 7 8 
2.15492	0 1 3 2 6 4 9 5 7 8 
2.15506	0 1 2 4 3 7 8 9 6 5 
2.15616	0 2 1 3 5 4 9 8 7 6 
2.15679	0 2 1 3 5 7 4 6 9 8 
2.1574	0 1 4 2 3 6 7 8 5 9 
2.15857	0 2 1 4 3 6 8 5 9 7 
2.15953	0 2 1 5 3 4 6 8 7 9 
2.15983	0 1 3 2 4 9 6 8 5 7 
2.16065	0 1 2 3 8 4 6 9 5 7 
2.16229	0 1 3 2 5 7 4 9 6 8 
2.16237	0 2 1 5 3 4 7 6 8 9 
2.16262	0 1 2 3 5 7 9 4 6 8 
2.16348	0 1 2 4 5 7 3 6 8 9 
2.16397	0 1 4 2 3 6 8 5 9 7 
2.16408	1 0 2 3 4 6 5 8 9 7 
2.16439	0 1 3 4 2 5 9 7 6 8 
2.16473	0 2 1 4 3 5 8 9 7 6 
2.1662	1 0 2 3 5 4 6 7 9 8 
2.16681	0 2 1 3 4 9 5 7 6 8 
2.1671	0 1 3 2 7 4 5 8 9 6 
2.16748	0 2 1 4 3 7 6 5 9 8 
2.1684	0 1 3 2 4 8 6 9 7 5 
2.16956	0 2 1 3 4 6 7 9 8 5 
2.16961	0 1 4 2 3 7 5 9 6 8 
2.17006	0 2 1 3 4 6 8 9 5 7 
2.17027	0 1 2 3 8 5 4 9 6 7 
2.17188	0 1 3 4 2 6 8 5 7 9 
2.1726	0 1 2 3 8 5 6 4 7 9 
2.17542	0 1 4 2 3 5 9 7 8 6 
2.17577	0 2 1 3 4 8 7 5 6 9 
2.17604	0 2 1 5 3 4 6 7 9 8 
2.17617	0 2 1 3 6 4 8 5 7 9 
2.17655	0 1 2 3 5 7 6 9 4 8 
2.17748	0 2 1 3 6 4 5 9 8 7 
2.17765	0 1 3 2 4 7 8 9 5 6 
2.17918	0 1 3 2 4 8 7 6 9 5 
2.17952	0 1 3 2 6 4 7 9 5 8 
2.18006	0 1 2 4 6 5 3 9 7 8 
2.18347	0 2 1 4 3 8 5 6 7 9 
2.18364	0 1 2 5 4 3 9 7 8 6 
2.18408	0 1 4 3 2 5 6 9 7 8 
2.18447	0 1 3 2 5 7 4 8 9 6 
2.18463	0 1 2 3 9 4 5 8 7 6 
2.18465	0 2 1 3 4 6 8 7 9 5 
2.1847	0 2 1 4 5 3 7 6 8 9 
2.1863	0 1 2 3 6 5 9 4 8 7 
2.18685	0 1 4 3 2 6 5 7 9 8 
2.18797	0 1 3 4 2 5 9 6 8 7 
2.18819	0 2 1 3 4 8 5 9 6 7 
2.18902	0 2 1 3 4 7 8 6 5 9 
2.18921	0 1 2 4 5 7 3 6 9 8 
2.18955	0 1 2 5 4 3 9 8 6 7 
2.18976	0 1 2 3 5 8 7 4 9 6 
2.18989	0 1 3 2 8 4 5 6 7 9 
2.19105	0 1 4 2 3 5 9 8 6 7 
2.19124	0 1 3 2 4 8 9 5 7 6 
2.193	0 1 2 5 4 3 8 9 7 6 
2.19322	0 1 2 4 3 8 7 9 5 6 
2.1936	0 1 2 3 8 4 6 7 9 5 
2.19412	1 0 2 3 5 4 6 8 7 9 
2.19427	0 2 1 4 3 6 7 8 5 9 
2.19522	0 1 2 4 6 3 9 7 5 8 
2.19597	0 1 2 4 7 3 5 9 6 8 
2.19616	0 1 2 6 3 4 8 5 7 9 
2.19644	0 1 2 5 3 6 7 4 8 9 
2.1966	0 1 2 4 3 7 9 8 6 5 
2.19861	0 1 2 3 7 5 8 4 6 9 
2.19865	0 2 1 3 6 5 4 8 7 9 
2.19909	0 1 4 3 2 5 6 8 9 7 
2.2	0 1 2 6 3 5 4 8 7 9 
2.20115	0 1 3 2 5 8 4 6 9 7 
2.2018	0 1 4 2 5 3 6 7 8 9 
2.20225	0 1 4 2 3 6 7 9 5 8 
2.20362	0 1 3 2 6 4 9 5 8 7 
2.20366	0 2 1 4 3 5 9 8 7 6 
2.20556	0 1 2 4 6 5 3 8 9 7 
2.20622	0 1 2 5 3 8 4 6 7 9 
2.20632	0 1 3 2 4 9 8 5 6 7 
2.2067	0 1 3 2 7 5 4 6 9 8 
2.20678	0 1 3 2 5 6 7 4 9 8 
2.20939	0 1 3 2 7 4 5 9 8 6 
2.20949	1 0 2 3 4 6 5 9 8 7 
2.20976	0 1 4 2 3 8 5 6 7 9 
2.21108	1 0 2 3 4 5 8 7 6 9 
2.21218	0 1 3 4 2 5 8 9 6 7 
2.21283	0 1 4 2 3 5 8 9 7 6 
2.21354	0 1 3 2 4 7 9 8 5 6 
2.21362	0 1 4 3 2 5 7 8 6 9 
2.21462	1 0 2 3 4 5 8 6 9 7 
2.21722	0 1 3 2 4 9 6 7 8 5 
2.22073	0 2 1 3 5 7 4 8 6 9 
2.22098	1 0 2 4 3 5 6 7 8 9 
2.2217	1 0 2 3 5 4 7 6 8 9 
2.22184	0 2 1 3 5 6 4 9 7 8 
2.2221	0 2 1 4 5 3 6 8 9 7 
2.22435	0 1 3 2 5 7 6 4 8 9 
2.22628	0 2 1 3 7 4 5 6 9 8 
2.2281	0 2 1 4 5 3 6 9 7 8 
2.22822	0 1 2 3 7 6 4 9 5 8 
2.22843	0 1 3 2 5 6 8 4 7 9 
2.22858	0 1 3 2 4 8 9 6 5 7 
2.22865	0 1 2 4 6 3 7 8 9 5 
2.22951	0 1 3 4 2 7 5 9 6 8 
2.23093	0 1 4 2 3 6 9 5 8 7 
2.23096	0 2 1 4 5 3 7 6 9 8 
2.2315	0 1 4 2 5 3 6 7 9 8 
2.23169	0 1 2 6 3 5 4 7 9 8 
2.23302	0 1 4 3 2 6 5 8 7 9 
2.23307	0 1 3 4 2 8 5 6 7 9 
2.23336	1 0 2 3 4 5 7 9 6 8 
2.23356	0 1 2 4 3 8 9 6 7 5 
2.23467	0 1 2 3 9 4 7 5 6 8 
2.2354	0 2 1 3 6 5 4 7 9 8 
2.23555	0 2 1 3 4 9 6 5 7 8 
2.23652	0 1 2 3 8 6 4 5 9 7 
2.23653	0 1 3 2 7 4 6 8 5 9 
2.23702	0 1 2 3 8 5 4 9 7 6 
2.23765	0 1 2 3 5 8 7 6 4 9 
2.23809	0 1 4 3 2 5 8 6 7 9 
2.23983	0 1 2 3 5 9 6 4 7 8 
2.24043	0 1 2 5 4 3 9 8 7 6 
2.24069	0 1 4 2 3 6 8 7 5 9 
2.2407	0 2 1 5 3 4 7 6 9 8 
2.24113	0 2 1 4 3 6 9 5 7 8 
2.24354	0 2 1 4 3 7 5 9 6 8 
2.24376	1 0 2 3 4 6 7 5 8 9 
2.24589	0 1 2 4 6 5 3 9 8 7 
2.24822	0 1 2 3 9 4 6 7 5 8 
2.24915	0 1 2 5 3 7 4 9 6 8 
2.25052	0 1 2 4 8 3 5 6 7 9 
2.25109	0 1 2 3 6 7 4 8 9 5 
2.25153	0 1 2 4 3 8 7 9 6 5 
2.2518	0 1 2 4 6 3 8 9 5 7 
2.25303	0 1 2 3 5 6 7 8 9 4 
2.25626	0 2 1 3 4 6 9 8 5 7 
2.25843	0 1 2 4 3 9 7 8 5 6 
2.25892	0 1 3 2 4 7 8 9 6 5 
2.26001	0 1 3 2 7 5 4 8 6 9 
2.26059	1 0 2 3 4 5 9 6 7 8 
2.26061	0 2 1 4 3 6 8 7 5 9 
2.26146	0 1 4 2 3 5 9 8 7 6 
2.26215	0 1 3 2 5 7 4 9 8 6 
2.26303	0 1 2 3 5 7 9 4 8 6 
2.26353	0 1 3 2 4 9 8 5 7 6 
2.26442	0 1 4 3 2 5 6 9 8 7 
2.26558	0 1 3 4 2 5 8 9 7 6 
2.26611	0 2 1 3 7 4 6 5 8 9 
2.26711	0 1 2 3 7 5 6 8 4 9 
2.26723	0 2 1 3 4 7 6 8 9 5 
2.26746	0 2 1 4 5 3 6 9 8 7 
2.2677	0 2 1 3 4 8 5 9 7 6 
2.26801	0 1 2 3 7 4 8 9 5 6 
2.26887	0 1 2 4 3 9 8 6 7 5 
2.26913	0 1 2 3 7 4 9 6 8 5 
2.26918	0 1 2 5 4 6 3 7 8 9 
2.27009	0 1 3 2 6 5 7 4 8 9 
2.27074	0 2 1 3 4 8 7 6 5 9 
2.27078	1 0 2 3 4 6 7 5 9 8 
2.27151	0 1 2 3 6 5 7 9 4 8 
2.27152	0 1 2 3 9 5 4 6 7 8 
2.27261	0 1 4 2 5 3 6 8 7 9 
2.2729	0 1 2 6 4 3 5 8 9 7 
2.2739	0 2 1 3 5 6 4 9 8 7 
2.2741	0 1 2 3 5 6 8 9 4 7 
2.27415	0 2 1 3 6 4 7 8 5 9 
2.27419	1 0 2 3 5 4 7 6 9 8 
2.27468	0 1 2 3 6 8 5 4 9 7 
2.27614	0 1 3 4 2 5 9 7 8 6 
2.27713	0 1 3 2 8 4 5 7 6 9 
2.27727	0 1 2 4 6 3 7 9 8 5 
2.27729	0 1 2 3 5 9 6 4 8 7 
2.27958	0 1 2 6 4 3 5 9 7 8 
2.28092	0 1 3 2 4 9 6 8 7 5 
2.28144	0 1 2 6 4 3 7 5 8 9 
2.28171	0 1 3 2 4 8 7 9 5 6 
2.28259	0 1 3 4 2 6 7 8 5 9 
2.28347	0 1 3 4 2 6 8 5 9 7 
2.28361	0 1 2 4 6 3 8 7 9 5 
2.28416	0 2 1 4 3 6 9 5 8 7 
2.28547	0 1 3 2 6 4 7 8 9 5 
2.28755	0 1 2 3 5 6 9 7 4 8 
2.28768	1 0 2 3 4 7 5 6 8 9 
2.28908	0 2 1 4 3 8 5 6 9 7 
2.29044	0 1 3 4 2 5 9 8 6 7 
2.29086	0 2 1 4 5 3 8 6 7 9 
2.29111	0 1 2 5 3 7 6 4 8 9 
2.29207	0 2 1 3 4 7 8 5 9 6 
2.29273	0 1 2 5 3 6 7 4 9 8 
2.29288	0 2 1 3 5 6 7 4 8 9 
2.29382	0 2 1 3 5 8 4 6 7 9 
2.29394	0 1 3 2 4 7 9 8 6 5 
2.29441	0 1 2 3 8 5 6 4 9 7 
2.29515	0 2 1 3 4 9 6 5 8 7 
2.29574	0 2 1 5 3 4 6 8 9 7 
2.29598	0 2 1 4 3 8 5 7 6 9 
2.29706	0 1 3 2 8 4 5 6 9 7 
2.29742	0 2 1 3 4 7 9 5 6 8 
2.29845	0 1 3 2 4 9 8 6 5 7 
2.29877	0 1 2 4 3 8 9 7 5 6 
2.29909	0 2 1 3 4 9 5 7 8 6 
2.29961	0 1 2 5 3 8 4 7 6 9 
2.30104	0 1 2 3 6 7 5 8 4 9 
2.30209	0 1 4 2 3 7 5 8 9 6 
2.3028	0 2 1 4 3 6 7 9 5 8 
2.303	0 2 1 3 6 4 8 5 9 7 
2.3033	0 1 4 2 3 8 5 7 6 9 
2.30335	0 1 2 3 8 6 4 7 5 9 
2.30347	0 2 1 5 3 4 7 8 6 9 
2.30609	0 1 2 4 6 3 9 8 5 7 
2.30702	0 1 4 3 2 5 7 9 6 8 
2.30759	0 1 3 2 4 9 7 6 8 5 
2.30864	0 2 1 3 4 9 5 8 6 7 
2.30869	0 1 4 3 2 5 8 7 6 9 
2.30877	0 1 2 5 4 6 3 7 9 8 
2.30943	0 1 4 2 3 8 5 6 9 7 
2.30972	0 2 3 1 4 5 6 7 8 9 
2.3098	0 1 2 4 7 3 5 8 9 6 
2.31119	0 1 3 4 2 7 5 8 9 6 
2.31226	1 0 2 3 5 4 6 9 7 8 
2.31323	0 1 3 2 8 4 6 5 7 9 
2.31394	0 2 1 5 3 4 8 6 7 9 
2.31451	0 1 4 2 5 3 7 6 8 9 
2.31504	0 1 2 3 9 5 4 6 8 7 
2.31522	0 1 3 2 5 7 6 4 9 8 
2.31582	0 1 3 4 2 8 5 7 6 9 
2.31586	0 1 4 2 3 8 6 5 7 9 
2.31598	0 2 1 4 3 8 6 5 7 9 
2.31613	0 1 2 6 3 4 7 8 5 9 
2.31615	0 1 2 6 3 4 8 5 9 7 
2.31657	0 1 4 2 3 6 9 7 5 8 
2.31693	0 1 2 5 3 8 4 6 9 7 
2.31711	0 1 4 2 3 7 6 8 5 9 
2.31802	0 1 2 3 8 4 7 6 9 5 
2.31855	1 0 2 3 4 5 9 6 8 7 
2.31908	0 1 2 3 8 4 9 5 6 7 
2.32016	0 1 2 4 7 3 6 8 5 9 
2.32054	1 0 2 3 4 7 5 6 9 8 
2.32121	0 2 1 4 5 3 7 8 6 9 
2.32136	0 1 2 3 8 4 6 9 7 5 
2.32191	0 1 2 3 9 5 4 7 6 8 
2.32289	0 2 1 3 4 6 8 9 7 5 
2.32357	0 1 2 3 6 7 4 9 8 5 
2.32383	1 0 2 3 5 4 6 8 9 7 
2.32393	0 1 3 2 7 4 8 5 6 9 
2.32396	0 1 2 3 8 6 5 4 7 9 
2.3248	0 1 3 2 6 7 4 5 8 9 
2.32538	0 1 2 5 3 7 4 8 9 6 
2.32709	0 1 4 3 2 6 7 5 8 9 
2.32727	0 1 2 3 7 4 9 8 5 6 
2.32764	0 1 4 3 2 7 5 6 8 9 
2.32774	0 1 2 4 3 9 7 8 6 5 
2.32949	0 2 1 3 4 7 6 9 8 5 
2.32992	0 1 2 4 3 9 8 7 5 6 
2.33029	0 1 4 2 3 7 5 9 8 6 
2.3305	0 2 1 3 7 4 5 8 6 9 
2.33129	0 2 1 4 3 7 5 8 9 6 
2.33205	0 1 2 5 3 6 8 4 7 9 
2.33292	0 1 2 3 5 6 8 7 9 4 
2.33362	0 2 1 3 4 6 9 7 8 5 
2.3341	0 1 3 2 5 8 4 7 9 6 
2.33448	0 1 4 3 2 6 5 9 7 8 
2.33491	0 1 3 4 2 5 9 8 7 6 
2.33635	0 1 2 6 4 3 7 5 9 8 
2.33698	0 1 3 2 6 4 9 7 5 8 
2.33791	0 1 3 4 2 8 5 6 9 7 
2.33991	0 1 2 4 8 3 5 7 6 9 
2.33991	1 0 2 3 4 5 7 8 9 6 
2.34008	0 2 1 3 7 4 6 5 9 8 
2.34133	0 2 1 5 3 4 6 9 7 8 
2.34218	0 1 2 4 7 3 5 9 8 6 
2.34241	0 1 2 4 5 7 3 8 6 9 
2.34245	0 1 4 2 5 3 7 6 9 8 
2.34379	0 1 2 3 9 4 7 6 5 8 
2.34474	0 1 2 3 6 9 4 5 7 8 
2.34487	0 1 2 6 4 3 5 9 8 7 
2.34501	0 1 3 2 7 4 6 9 5 8 
2.34699	0 2 1 3 6 4 8 7 5 9 
2.34861	0 1 3 4 2 8 6 5 7 9 
2.34864	0 1 4 2 5 3 6 9 7 8 
2.35294	0 1 2 3 7 4 8 9 6 5 
2.35323	0 1 4 3 2 6 5 8 9 7 
2.35428	0 1 2 3 8 5 7 4 6 9 
2.35476	0 1 2 3 9 4 7 5 8 6 
2.35545	1 0 2 3 4 5 9 7 6 8 
2.35546	0 1 2 4 8 3 5 6 9 7 
2.35562	0 1 4 3 2 6 7 5 9 8 
2.35662	0 1 2 3 5 9 7 4 6 8 
2.35699	0 1 2 3 6 8 4 9 5 7 
2.35928	0 1 3 2 6 4 8 9 5 7 
2.35941	0 1 3 2 6 4 8 7 9 5 
2.35991	0 1 3 2 5 6 8 4 9 7 
2.3601	0 1 2 5 4 6 3 8 7 9 
2.36039	0 1 4 2 3 7 6 9 5 8 
2.36068	0 1 4 3 2 7 5 6 9 8 
2.36101	0 1 2 3 5 7 6 8 9 4 
2.36181	0 1 3 2 6 4 7 9 8 5 
2.36192	0 1 4 3 2 5 8 6 9 7 
2.36282	0 1 4 2 5 3 6 8 9 7 
2.36297	0 1 3 2 4 8 7 9 6 5 
2.36313	0 1 3 4 2 7 5 9 8 6 
2.3637	0 2 1 3 6 5 4 8 9 7 
2.36456	0 1 2 4 3 8 9 7 6 5 
2.36479	0 1 3 4 2 6 7 9 5 8 
2.36598	0 1 2 6 3 5 4 8 9 7 
2.36607	0 2 1 5 4 3 6 7 8 9 
2.36659	0 1 2 4 8 3 6 5 7 9 
2.36756	0 1 2 3 7 6 4 8 9 5 
2.36885	0 1 2 3 9 4 6 8 5 7 
2.36964	0 1 3 4 2 6 8 7 5 9 
2.36976	0 1 4 2 3 9 5 6 7 8 
2.37081	0 1 3 2 6 5 7 4 9 8 
2.37196	0 3 1 2 4 5 6 7 8 9 
2.37269	0 2 1 3 5 8 4 7 6 9 
2.37416	0 1 3 2 4 8 9 6 7 5 
2.37416	0 1 3 2 4 9 7 8 5 6 
2.37434	0 1 3 2 4 8 9 7 5 6 
2.37562	0 2 1 4 5 3 8 6 9 7 
2.37651	0 1 2 5 3 7 6 4 9 8 
2.37708	0 1 3 4 2 7 6 8 5 9 
2.37711	0 1 2 7 3 4 5 6 8 9 
2.37748	0 2 1 4 5 3 8 7 6 9 
2.3785	0 1 2 5 3 7 4 9 8 6 
2.37853	0 2 1 4 3 7 6 8 5 9 
2.38044	0 1 3 4 2 6 9 5 7 8 
2.38053	0 2 1 4 3 7 5 9 8 6 
2.3809	0 1 2 3 5 6 7 9 8 4 
2.3809	0 1 3 2 7 5 4 9 6 8 
2.38132	0 2 1 3 4 9 5 8 7 6 
2.38133	0 1 2 3 6 9 4 5 8 7 
2.38229	0 1 4 2 3 6 7 8 9 5 
2.38293	0 2 1 4 6 3 5 7 8 9 
2.38315	0 2 3 1 4 5 6 8 7 9 
2.38328	0 2 1 3 7 5 4 6 8 9 
2.38329	0 2 1 3 4 8 7 5 9 6 
2.38439	0 2 1 4 3 9 5 6 7 8 
2.38452	0 1 2 6 3 4 8 7 5 9 
2.38469	0 2 1 5 3 4 8 7 6 9 
2.38478	0 2 1 3 5 7 6 4 8 9 
2.38551	0 1 3 2 6 5 8 4 7 9 
2.38705	0 1 2 3 6 8 4 7 9 5 
2.38803	1 0 2 3 5 4 6 9 8 7 
2.38849	0 1 4 3 2 5 7 8 9 6 
2.3902	0 1 2 3 7 5 8 4 9 6 
2.39036	1 0 2 3 5 4 8 6 7 9 
2.39067	0 2 1 5 3 4 6 9 8 7 
2.39107	0 1 2 4 6 3 8 9 7 5 
2.39122	1 0 2 3 4 5 7 9 8 6 
2.3914	0 1 2 4 5 7 3 9 6 8 
2.3914	0 1 2 4 6 3 9 7 8 5 
2.39228	0 1 2 3 5 8 9 4 6 7 
2.39234	1 0 2 3 5 4 7 8 6 9 
2.39273	1 0 2 3 4 6 8 5 7 9 
2.39419	0 2 1 3 4 7 9 6 5 8 
2.39466	0 1 2 3 5 6 9 8 4 7 
2.39584	0 1 2 3 8 4 9 5 7 6 
2.39869	0 1 2 4 5 8 3 6 7 9 
2.39924	0 1 2 4 3 9 8 7 6 5 
2.40036	0 1 4 3 2 5 9 6 7 8 
2.40395	0 1 2 4 7 3 8 5 6 9 
2.40402	1 0 2 3 4 5 8 7 9 6 
2.4042	0 1 2 3 7 8 4 5 6 9 
2.40437	0 2 3 1 4 5 7 6 8 9 
2.4048	0 2 1 3 5 6 7 4 9 8 
2.40574	0 2 1 4 5 3 7 9 6 8 
2.40576	0 2 1 3 5 7 4 9 6 8 
2.40579	0 1 2 3 9 5 4 7 8 6 
2.40647	0 2 3 1 4 5 6 7 9 8 
2.40783	0 2 1 3 4 6 9 8 7 5 
2.4081	0 1 4 2 3 6 7 9 8 5 
2.40915	0 1 4 2 5 3 6 9 8 7 
2.41016	0 2 1 3 8 4 5 6 7 9 
2.41104	0 1 2 4 7 3 6 9 5 8 
2.41138	1 0 2 3 4 7 6 5 8 9 
2.41194	0 1 3 2 5 8 6 4 7 9 
2.41233	0 1 2 6 3 5 4 9 7 8 
2.41359	0 2 1 3 4 8 6 9 5 7 
2.41421	0 1 3 2 5 8 4 9 6 7 
2.41466	0 1 4 2 3 8 6 5 9 7 
2.41482	0 1 4 3 2 6 5 9 8 7 
2.41698	0 1 3 2 6 7 4 5 9 8 
2.41884	0 1 2 3 7 4 9 8 6 5 
2.42005	1 0 2 3 4 5 8 9 6 7 
2.42207	0 1 2 3 8 4 9 6 5 7 
2.42319	0 2 1 4 5 3 9 6 7 8 
2.42443	0 2 1 4 3 8 6 5 9 7 
2.42502	0 1 2 3 9 5 4 8 6 7 
2.42626	0 1 2 3 7 6 5 8 4 9 
2.4263	0 2 1 3 6 4 7 9 5 8 
2.42631	0 2 1 3 4 7 9 5 8 6 
2.42645	0 1 3 2 8 4 6 5 9 7 
2.42772	0 1 3 2 7 5 4 8 9 6 
2.42803	0 1 3 2 4 9 8 6 7 5 
2.42816	0 2 1 3 5 8 4 6 9 7 
2.42847	0 2 1 3 5 7 4 8 9 6 
2.42857	0 1 2 6 4 3 8 5 7 9 
2.42876	0 1 3 2 8 5 4 6 7 9 
2.4303	0 2 1 5 4 3 6 8 7 9 
2.4309	0 1 3 2 4 9 8 7 5 6 
2.43095	0 1 4 2 3 7 8 5 6 9 
2.43145	0 2 1 5 4 3 6 7 9 8 
2.43174	0 2 1 3 4 9 6 7 5 8 
2.43263	0 1 3 2 7 4 8 6 5 9 
2.43282	0 2 1 4 6 3 5 8 7 9 
2.43381	0 1 2 3 7 6 4 9 8 5 
2.43403	0 1 2 3 9 4 8 5 6 7 
2.43438	0 2 1 5 3 4 8 6 9 7 
2.43516	0 1 4 3 2 7 6 5 8 9 
2.43692	0 2 1 4 3 9 5 6 8 7 
2.43722	0 1 2 7 3 4 5 6 9 8 
2.43758	0 2 1 3 4 8 6 7 9 5 
2.43765	0 1 3 2 7 6 4 5 8 9 
2.43768	0 1 4 3 2 5 7 9 8 6 
2.43776	0 2 1 4 3 6 9 7 5 8 
2.4381	0 1 2 3 5 9 7 4 8 6 
2.43818	1 0 2 3 4 7 6 5 9 8 
2.43868	0 1 2 3 7 5 8 6 4 9 
2.43987	0 1 2 3 5 8 6 9 4 7 
2.44065	0 1 2 3 7 5 9 4 6 8 
2.44108	0 2 1 4 6 3 5 7 9 8 
2.44132	0 2 1 3 4 9 7 5 6 8 
2.44291	0 2 1 5 4 3 7 6 8 9 
2.44308	1 0 2 3 6 4 5 7 8 9 
2.44362	0 1 2 3 5 7 9 6 4 8 
2.44465	0 1 2 6 3 4 7 9 5 8 
2.44554	0 1 2 4 9 3 5 6 7 8 
2.44597	0 1 3 4 2 7 6 9 5 8 
2.44622	0 1 3 4 2 8 6 5 9 7 
2.44653	0 1 3 2 4 9 7 8 6 5 
2.44693	0 1 2 5 4 6 3 9 7 8 
2.44719	0 1 2 3 5 8 9 4 7 6 
2.44771	0 1 3 4 2 6 9 5 8 7 
2.44847	0 1 2 3 8 6 5 4 9 7 
2.44957	0 1 4 2 3 6 8 9 5 7 
2.45001	0 2 1 3 6 5 4 9 7 8 
2.45023	0 1 2 4 6 3 9 8 7 5 
2.45027	0 1 3 2 6 4 9 8 5 7 
2.45045	0 1 4 2 3 9 5 6 8 7 
2.45101	0 1 3 4 2 7 8 5 6 9 
2.45238	0 2 1 5 3 4 7 9 6 8 
2.45267	0 2 3 1 4 6 5 7 8 9 
2.45296	0 1 3 5 2 4 6 7 8 9 
2.45296	0 1 2 3 6 5 7 8 9 4 
2.45456	0 1 4 2 6 3 5 7 8 9 
2.45473	0 1 3 2 4 8 9 7 6 5 
2.45482	0 1 4 3 2 5 9 7 6 8 
2.45556	0 1 4 2 3 9 5 7 6 8 
2.45562	0 1 4 2 3 9 6 5 7 8 
2.45836	0 1 2 6 3 4 9 5 7 8 
2.45851	0 1 2 3 6 5 8 9 4 7 
2.45933	0 1 3 2 7 4 9 5 6 8 
2.46025	0 1 3 2 8 4 5 7 9 6 
2.46034	0 1 2 3 7 5 6 9 4 8 
2.46074	0 3 1 2 4 5 6 8 7 9 
2.46078	1 0 2 3 4 7 5 8 6 9 
2.46097	0 1 4 3 2 7 6 5 9 8 
2.46133	0 2 1 3 5 6 8 4 7 9 
2.46168	0 2 1 4 5 3 9 6 8 7 
2.46179	0 3 1 2 4 5 7 6 8 9 
2.46235	0 1 2 3 8 4 7 9 5 6 
2.46355	0 3 1 2 4 5 6 7 9 8 
2.46463	0 1 2 3 6 7 8 4 5 9 
2.46506	0 1 2 3 9 4 6 7 8 5 
2.46537	0 1 2 3 9 5 4 8 7 6 
2.4669	0 1 2 4 7 5 3 6 8 9 
2.46695	0 1 2 5 4 7 3 6 8 9 
2.46879	0 1 4 2 5 3 8 6 7 9 
2.46986	0 2 1 3 7 5 4 6 9 8 
2.46987	0 2 1 4 3 6 7 8 9 5 
2.47054	1 0 2 3 4 5 9 8 6 7 
2.47222	0 1 4 2 3 6 8 7 9 5 
2.47329	0 2 1 4 3 7 8 5 6 9 
2.47408	0 1 2 5 6 3 4 7 8 9 
2.47415	0 1 3 2 5 7 8 4 6 9 
2.47478	0 1 2 5 3 8 4 7 9 6 
2.47567	0 1 2 3 6 8 5 7 4 9 
2.47576	0 1 2 3 8 7 4 5 6 9 
2.47601	0 2 1 3 4 7 8 6 9 5 
2.47626	0 1 4 2 6 3 5 7 9 8 
2.47636	0 1 3 2 5 8 4 9 7 6 
2.47655	0 2 1 4 3 6 8 9 5 7 
2.47663	0 1 4 2 5 3 7 8 6 9 
2.47722	0 1 2 6 3 5 4 9 8 7 
2.4777	1 0 2 3 4 6 8 5 9 7 
2.47775	0 1 2 4 5 6 7 3 8 9 
2.47817	0 1 2 4 8 3 6 5 9 7 
2.47832	0 1 2 5 4 6 3 8 9 7 
2.47913	1 0 2 3 5 4 8 7 6 9 
2.47953	0 2 1 5 3 4 7 8 9 6 
2.47985	0 1 2 3 5 7 6 9 8 4 
2.47997	0 1 4 3 2 5 9 6 8 7 
2.48058	1 0 2 3 6 4 5 7 9 8 
2.4806	0 1 4 2 3 6 9 8 5 7 
2.48093	0 1 2 4 7 3 8 6 5 9 
2.48135	0 1 2 4 5 8 3 6 9 7 
2.48283	0 1 4 3 2 5 8 7 9 6 
2.48372	0 2 1 4 5 3 7 8 9 6 
2.48504	0 1 3 2 7 5 4 9 8 6 
2.48548	0 2 1 4 3 7 6 9 5 8 
2.4858	0 2 1 3 5 7 6 4 9 8 
2.48628	0 1 3 4 2 8 5 7 9 6 
2.48681	0 1 3 2 7 4 6 8 9 5 
2.488	0 1 2 3 6 5 9 7 4 8 
2.48916	0 2 1 4 3 9 5 7 6 8 
2.49029	0 1 3 2 8 4 5 9 6 7 
2.49158	0 1 3 4 5 2 6 7 8 9 
2.49205	0 2 1 3 6 4 9 5 7 8 
2.49219	0 2 3 1 4 5 7 6 9 8 
2.4923	0 1 4 2 3 8 5 7 9 6 
2.49323	0 1 2 5 3 6 8 4 9 7 
2.49437	0 1 2 4 5 8 3 7 6 9 
2.49456	0 2 1 3 7 4 5 9 6 8 
2.49632	0 1 3 2 5 9 4 6 7 8 
2.49741	0 1 3 5 2 4 6 8 7 9 
2.49798	0 1 4 2 3 8 6 7 5 9 
2.49809	0 1 3 2 8 5 4 7 6 9 
2.49937	0 3 1 2 4 6 5 7 8 9 
2.49959	0 1 2 3 7 8 4 6 5 9 
2.4997	0 1 2 5 4 7 3 6 9 8 
2.50026	0 1 2 7 3 4 6 5 8 9 
2.50033	0 1 2 3 6 9 4 7 5 8 
2.50034	0 1 3 2 6 4 8 9 7 5 
2.50034	0 2 1 3 6 5 7 4 8 9 
2.50045	0 1 4 3 2 7 5 8 6 9 
2.50048	0 1 3 2 7 4 8 5 9 6 
2.5011	0 1 2 3 9 4 8 5 7 6 
2.50159	0 2 1 4 3 8 5 7 9 6 
2.50193	0 1 2 3 5 9 8 4 6 7 
2.50207	0 2 1 3 6 5 4 9 8 7 
2.50271	0 2 1 4 5 3 9 7 6 8 
2.50276	1 0 2 3 5 4 7 9 6 8 
2.50284	1 0 2 3 4 8 5 6 7 9 
2.50327	0 1 3 2 4 9 8 7 6 5 
2.50336	0 1 2 4 7 5 3 6 9 8 
2.50372	1 0 2 3 4 6 9 5 7 8 
2.50409	0 1 4 2 3 7 9 5 6 8 
2.50417	0 2 1 5 4 3 7 6 9 8 
2.50502	0 1 3 2 5 6 9 4 7 8 
2.50522	1 0 2 3 4 5 9 7 8 6 
2.50757	0 1 2 6 3 4 9 5 8 7 
2.50774	0 1 2 3 6 8 4 9 7 5 
2.50819	0 1 4 3 2 6 8 5 7 9 
2.50916	0 1 3 2 8 4 6 7 5 9 
2.5097	0 1 2 5 3 8 4 9 6 7 
2.51098	0 1 3 2 6 8 4 5 7 9 
2.51183	0 1 4 2 3 8 5 9 6 7 
2.51189	0 1 2 4 5 6 7 3 9 8 
2.51198	1 0 2 3 5 4 8 6 9 7 
2.51246	1 0 2 3 4 5 8 9 7 6 
2.51314	0 1 2 4 5 7 3 8 9 6 
2.51402	0 1 2 4 9 3 5 6 8 7 
2.51677	0 1 3 2 7 6 4 5 9 8 
2.51686	0 1 3 2 7 5 6 4 8 9 
2.51697	0 1 3 2 5 6 7 8 4 9 
2.51743	0 1 2 3 6 7 5 9 4 8 
2.51881	0 1 3 4 2 8 5 9 6 7 
2.51942	0 1 2 3 8 5 6 7 4 9 
2.51953	0 1 4 2 3 7 8 6 5 9 
2.52154	0 2 1 4 3 6 7 9 8 5 
2.52198	0 2 1 4 5 3 7 9 8 6 
2.52231	0 2 1 3 5 7 4 9 8 6 
2.52242	0 1 2 3 5 6 8 9 7 4 
2.52322	0 2 1 4 3 8 5 9 6 7 
2.52341	0 1 2 5 3 8 6 4 7 9 
2.52394	0 1 3 2 6 5 8 4 9 7 
2.52494	1 0 2 3 6 4 5 8 7 9 
2.52538	0 1 4 2 6 3 5 8 7 9 
2.52556	0 1 3 2 6 4 9 7 8 5 
2.52556	0 1 2 5 4 6 3 9 8 7 
2.52609	0 2 3 1 4 6 5 8 7 9 
2.52642	0 1 4 2 3 6 9 7 8 5 
2.52699	0 1 2 4 9 3 5 7 6 8 
2.52728	0 2 1 3 8 4 5 7 6 9 
2.52853	0 1 4 2 3 8 7 5 6 9 
2.52875	0 2 1 3 8 4 6 5 7 9 
2.52914	0 1 2 3 5 7 8 6 9 4 
2.52942	0 1 2 4 7 3 9 5 6 8 
2.52964	1 0 2 3 5 6 4 7 8 9 
2.5301	0 1 3 2 8 4 7 5 6 9 
2.53034	0 2 1 4 6 3 5 8 9 7 
2.53099	0 1 2 4 5 9 3 6 7 8 
2.53104	0 1 3 4 2 9 5 6 7 8 
2.53111	0 2 1 3 6 7 4 5 8 9 
2.53228	0 1 3 4 2 6 9 7 5 8 
2.53267	0 1 2 3 9 4 6 8 7 5 
2.53285	0 1 2 3 6 5 8 7 9 4 
2.53295	0 1 2 4 8 3 6 7 5 9 
2.53327	0 2 1 4 3 8 6 7 5 9 
2.53521	0 2 1 3 6 4 9 5 8 7 
2.53564	0 1 2 3 5 8 6 7 9 4 
2.5363	0 1 4 2 3 9 6 5 8 7 
2.53637	0 1 2 5 3 9 4 6 7 8 
2.5364	0 1 2 4 5 7 3 9 8 6 
2.53666	0 1 2 6 4 3 7 8 5 9 
2.5368	1 0 2 3 4 7 5 9 6 8 
2.53786	0 1 2 3 8 5 7 4 9 6 
2.53815	0 1 2 4 8 3 5 7 9 6 
2.53912	0 2 1 4 5 3 8 7 9 6 
2.53973	0 2 1 3 7 4 5 8 9 6 
2.54117	0 1 3 2 6 7 4 8 5 9 
2.54121	0 2 1 5 3 6 4 7 8 9 
2.54154	0 1 2 6 4 3 8 5 9 7 
2.54226	0 2 1 4 3 6 8 7 9 5 
2.54272	0 1 3 2 5 6 9 4 8 7 
2.54315	0 1 2 3 9 4 8 6 5 7 
2.5438	0 1 4 2 5 3 7 9 6 8 
2.54381	0 1 2 4 6 7 3 5 8 9 
2.54381	0 1 3 2 7 4 6 9 8 5 
2.54404	0 1 3 2 5 8 6 4 9 7 
2.54503	0 1 3 2 5 9 4 6 8 7 
2.54504	0 2 3 1 4 5 6 8 9 7 
2.54518	0 2 1 4 3 6 9 8 5 7 
2.54544	1 0 2 3 4 6 7 8 5 9 
2.54579	0 1 3 4 2 8 7 5 6 9 
2.54595	0 1 2 3 5 9 8 4 7 6 
2.54631	0 1 3 2 5 8 7 4 6 9 
2.54728	0 1 2 3 8 4 7 9 6 5 
2.54737	0 2 1 4 5 3 8 9 6 7 
2.5474	0 2 1 5 4 3 6 8 9 7 
2.54767	0 2 1 4 3 9 6 5 7 8 
2.54775	0 1 2 3 8 6 4 9 5 7 
2.54791	0 1 2 3 7 5 9 4 8 6 
2.54851	0 2 1 3 8 4 5 6 9 7 
2.54898	0 1 2 3 6 8 7 4 5 9 
2.54905	0 2 1 3 7 4 6 8 5 9 
2.54936	0 1 3 5 2 4 6 7 9 8 
2.54965	0 1 2 5 6 3 4 8 7 9 
2.54969	0 2 1 3 4 9 7 6 5 8 
2.54974	0 1 2 7 3 4 5 8 6 9 
2.55011	0 2 1 5 3 4 7 9 8 6 
2.55032	0 3 1 2 4 5 7 6 9 8 
2.5506	0 2 1 3 6 4 7 8 9 5 
2.55137	0 1 3 2 8 5 4 6 9 7 
2.55262	0 1 3 2 6 7 5 4 8 9 
2.55352	0 2 1 5 3 4 8 7 9 6 
2.55475	0 1 3 4 2 6 7 8 9 5 
2.55486	0 1 3 2 5 9 4 7 6 8 
2.55547	0 1 2 4 8 3 5 9 6 7 
2.55716	0 2 3 1 4 6 5 7 9 8 
2.55733	0 1 4 3 2 5 8 9 6 7 
2.55823	0 1 4 2 3 7 6 8 9 5 
2.55862	0 1 2 6 3 5 7 4 8 9 
2.55891	0 1 3 4 2 8 6 7 5 9 
2.55905	0 1 3 5 2 4 7 6 8 9 
2.55908	0 2 1 4 6 3 5 9 7 8 
2.55965	0 1 2 7 3 4 6 5 9 8 
2.56011	0 1 4 2 5 3 8 7 6 9 
2.56091	0 1 2 4 8 3 7 5 6 9 
2.56149	0 2 1 3 7 5 4 8 6 9 
2.56168	1 0 2 3 4 6 9 5 8 7 
2.5617	0 2 1 4 3 8 7 5 6 9 
2.56236	1 0 2 3 4 5 9 8 7 6 
2.56244	0 2 1 5 4 3 6 9 7 8 
2.56472	0 1 4 2 5 3 8 6 9 7 
2.56551	1 0 2 3 5 4 9 6 7 8 
2.56618	0 1 2 5 6 3 4 7 9 8 
2.56625	0 1 3 2 8 4 5 9 7 6 
2.56723	0 2 1 3 4 8 7 6 9 5 
2.57015	0 1 2 3 9 4 7 6 8 5 
2.57038	0 2 3 1 4 5 8 6 7 9 
2.57115	0 1 2 3 8 7 4 6 5 9 
2.57117	0 2 1 5 3 4 9 6 7 8 
2.57128	0 1 3 4 5 2 6 8 7 9 
2.57153	0 2 1 3 5 8 4 7 9 6 
2.57357	0 2 1 3 4 9 6 8 5 7 
2.57417	0 1 2 5 3 8 4 9 7 6 
2.5754	0 1 3 4 5 2 6 7 9 8 
2.5758	0 2 3 1 4 5 7 8 6 9 
2.57666	0 1 4 2 6 3 5 9 7 8 
2.57699	0 2 1 3 4 9 7 5 8 6 
2.57715	0 1 4 3 2 7 5 9 6 8 
2.57788	0 1 3 4 2 6 8 9 5 7 
2.57809	0 2 1 4 3 7 8 6 5 9 
2.57851	0 2 1 5 4 3 8 6 7 9 
2.57857	0 1 3 4 2 7 8 6 5 9 
2.57868	0 1 2 3 7 8 5 4 6 9 
2.57896	0 1 2 4 7 3 6 8 9 5 
2.57907	0 2 1 5 4 3 7 8 6 9 
2.58064	0 1 4 3 2 5 9 7 8 6 
2.58134	0 1 2 6 3 7 4 5 8 9 
2.58183	0 1 2 3 7 8 4 5 9 6 
2.58194	0 1 3 4 2 9 5 7 6 8 
2.58202	0 1 2 3 8 6 4 7 9 5 
2.58206	0 2 1 3 4 8 6 9 7 5 
2.58274	0 1 3 2 7 4 9 6 5 8 
2.58288	0 1 2 4 9 3 6 5 7 8 
2.58293	0 3 1 2 4 6 5 7 9 8 
2.5831	0 1 2 3 5 7 8 9 4 6 
2.5834	0 1 4 2 3 7 6 9 8 5 
2.58407	0 1 4 2 3 6 8 9 7 5 
2.58439	0 1 3 2 7 4 9 5 8 6 
2.58444	0 1 3 4 2 8 5 9 7 6 
2.58484	0 1 3 2 5 6 8 7 4 9 
2.58512	0 1 2 3 6 9 4 8 5 7 
2.58532	0 1 2 3 6 5 7 9 8 4 
2.58558	0 1 2 5 3 9 4 6 8 7 
2.58587	0 1 2 3 7 6 8 4 5 9 
2.58719	0 1 3 4 2 7 9 5 6 8 
2.58751	0 2 3 1 4 5 6 9 7 8 
2.58755	0 1 3 4 5 2 7 6 8 9 
2.58793	0 1 2 4 5 9 3 6 8 7 
2.58807	0 2 1 4 5 3 9 8 6 7 
2.58807	1 0 2 3 5 4 7 8 9 6 
2.58815	0 3 1 2 4 6 5 8 7 9 
2.58869	1 0 2 3 5 6 4 7 9 8 
2.58958	0 1 2 3 9 6 4 5 7 8 
2.58965	0 1 4 2 3 7 9 6 5 8 
2.59005	0 1 2 4 6 7 3 5 9 8 
2.59013	1 0 2 3 4 8 5 6 9 7 
2.59015	0 1 3 2 6 4 9 8 7 5 
2.59026	0 1 2 5 3 6 7 8 4 9 
2.59041	0 1 2 3 8 4 9 6 7 5 
2.59224	0 1 2 6 3 4 7 8 9 5 
2.59232	0 1 3 4 2 9 5 6 8 7 
2.59264	0 1 3 4 2 6 7 9 8 5 
2.59346	0 1 4 2 5 3 9 6 7 8 
2.59442	0 1 4 3 2 6 7 8 5 9 
2.5951	0 1 2 3 6 5 9 8 4 7 
2.59637	0 1 2 5 3 9 4 7 6 8 
2.59672	0 1 2 3 5 6 9 7 8 4 
2.5969	0 1 2 3 5 9 6 7 4 8 
2.59759	0 1 2 7 3 5 4 6 8 9 
2.59844	0 2 1 4 6 3 5 9 8 7 
2.59856	1 0 2 3 4 8 5 7 6 9 
2.6002	0 2 1 4 3 9 6 5 8 7 
2.60034	0 1 2 3 8 4 9 7 5 6 
2.60103	1 0 2 3 4 6 7 9 5 8 
2.60117	0 1 4 2 3 8 5 9 7 6 
2.60237	0 1 4 3 2 8 5 6 7 9 
2.6033	0 1 3 2 7 5 6 4 9 8 
2.60513	0 2 1 3 6 4 8 9 5 7 
2.60613	1 0 2 3 5 6 4 8 7 9 
2.60666	0 1 2 4 7 3 8 5 9 6 
2.60701	0 2 1 3 6 5 7 4 9 8 
2.60724	1 0 2 3 6 4 5 9 7 8 
2.60758	0 1 4 2 6 3 5 8 9 7 
2.6076	0 1 2 6 4 3 8 7 5 9 
2.60765	0 1 4 3 2 5 8 9 7 6 
2.60851	0 1 2 6 3 4 8 9 5 7 
2.60977	0 1 2 6 4 5 3 7 8 9 
2.61006	0 1 4 3 2 5 9 8 6 7 
2.61068	0 1 2 3 6 9 5 4 7 8 
2.61078	0 1 5 2 3 4 6 7 8 9 
2.6111	0 1 2 3 8 5 7 6 4 9 
2.61156	0 2 1 3 6 7 4 5 9 8 
2.61194	0 1 2 6 3 4 9 7 5 8 
2.61202	0 2 1 3 4 8 9 5 6 7 
2.61216	0 1 2 3 6 7 8 5 4 9 
2.61246	0 1 4 2 3 6 9 8 7 5 
2.61328	0 2 1 5 3 4 9 6 8 7 
2.61368	0 2 1 3 6 4 9 7 5 8 
2.6141	0 2 1 4 3 9 5 8 6 7 
2.61418	0 2 1 5 4 3 6 9 8 7 
2.6149	0 2 1 3 4 7 9 6 8 5 
2.61531	0 2 1 5 3 6 4 8 7 9 
2.61632	0 2 1 4 5 3 9 7 8 6 
2.61634	0 1 4 3 2 6 8 5 9 7 
2.61658	0 1 4 2 3 9 6 7 5 8 
2.61681	0 1 2 3 7 6 5 9 4 8 
2.61691	0 1 4 2 3 9 5 8 6 7 
2.61703	1 0 2 3 4 6 8 7 5 9 
2.61711	0 1 4 2 3 8 7 6 5 9 
2.61729	0 1 3 2 9 4 5 6 7 8 
2.61755	0 1 2 5 3 7 8 4 6 9 
2.61756	0 2 1 5 3 4 9 7 6 8 
2.61796	0 2 1 4 6 3 7 5 8 9 
2.61847	0 1 2 4 6 5 7 3 8 9 
2.61894	0 2 1 3 4 7 8 9 5 6 
2.61894	0 1 2 4 5 9 3 7 6 8 
2.61908	0 2 1 3 6 4 7 9 8 5 
2.61981	0 1 3 4 2 7 8 5 9 6 
2.62019	0 3 1 2 4 5 6 8 9 7 
2.62178	0 1 2 4 7 3 9 6 5 8 
2.62256	0 2 1 3 6 4 8 7 9 5 
2.62288	0 1 4 2 3 9 5 7 8 6 
2.62296	0 1 3 2 5 7 6 8 4 9 
2.62324	0 2 1 4 3 8 5 9 7 6 
2.62387	0 1 2 3 5 8 7 6 9 4 
2.62425	0 2 1 4 5 3 8 9 7 6 
2.62498	0 1 2 3 9 4 7 8 5 6 
2.62504	0 2 1 3 7 4 5 9 8 6 
2.62531	0 2 1 3 5 6 8 4 9 7 
2.62653	1 0 2 3 4 8 6 5 7 9 
2.62666	0 2 1 5 3 4 8 9 6 7 
2.62673	0 1 2 4 7 3 6 9 8 5 
2.62706	0 3 1 2 4 5 7 8 6 9 
2.63065	0 1 4 2 3 7 8 5 9 6 
2.63235	0 2 1 3 5 8 6 4 7 9 
2.63311	0 1 2 3 9 6 4 5 8 7 
2.6334	0 1 2 6 4 3 9 5 7 8 
2.63413	0 2 1 3 7 6 4 5 8 9 
2.63464	1 0 2 3 5 4 9 6 8 7 
2.63486	0 1 4 2 5 3 7 8 9 6 
2.63541	0 1 2 5 3 6 9 4 7 8 
2.63555	0 1 2 4 7 5 3 8 6 9 
2.63632	0 1 2 4 5 7 6 3 8 9 
2.63699	0 1 2 6 4 3 7 9 5 8 
2.63716	0 1 4 2 6 3 5 9 8 7 
2.63788	0 1 2 4 8 3 7 6 5 9 
2.63821	1 0 2 3 6 4 5 8 9 7 
2.6388	0 1 3 2 8 4 7 6 5 9 
2.639	0 2 1 4 3 9 5 7 8 6 
2.64107	0 1 3 4 2 6 8 7 9 5 
2.64154	0 1 3 4 2 9 6 5 7 8 
2.64165	0 1 3 5 2 4 6 8 9 7 
2.64288	0 2 1 4 3 7 9 5 6 8 
2.646	1 0 2 3 5 4 7 9 8 6 
2.64802	1 0 2 3 5 4 9 7 6 8 
2.64814	0 1 2 3 6 9 5 4 8 7 
2.64877	0 1 2 4 8 3 5 9 7 6 
2.649	0 1 4 3 2 6 7 9 5 8 
2.64998	0 1 2 6 3 4 7 9 8 5 
2.65	0 1 2 3 8 7 5 4 6 9 
2.65044	0 3 1 2 4 5 6 9 7 8 
2.65045	0 2 1 5 4 3 8 7 6 9 
2.65136	0 1 2 4 9 3 6 5 8 7 
2.65182	0 2 1 5 3 6 4 7 9 8 
2.65187	0 1 3 2 6 8 4 5 9 7 
2.65255	0 1 3 2 7 6 4 8 5 9 
2.65266	0 2 3 1 4 5 6 9 8 7 
2.65323	0 1 4 3 2 6 9 5 7 8 
2.6534	0 1 2 6 3 4 8 7 9 5 
2.65349	0 1 3 4 2 7 6 8 9 5 
2.65371	0 2 1 3 8 5 4 6 7 9 
2.65556	0 1 3 2 5 9 4 7 8 6 
2.65608	0 1 3 5 2 4 7 6 9 8 
2.6562	0 1 2 4 5 8 3 7 9 6 
2.65626	0 1 4 3 2 5 9 8 7 6 
2.65628	0 1 2 6 3 7 4 5 9 8 
2.65635	0 1 4 2 3 9 7 5 6 8 
2.65646	0 1 2 5 3 6 8 7 4 9 
2.65661	0 1 2 5 4 7 3 8 6 9 
2.65674	0 3 1 2 4 5 8 6 7 9 
2.65832	0 2 1 4 3 6 8 9 7 5 
2.65833	0 1 3 4 2 6 9 8 5 7 
2.65834	0 1 2 3 5 6 9 8 7 4 
2.65941	0 1 2 3 5 8 7 9 4 6 
2.65944	0 2 1 3 7 4 8 5 6 9 
2.65993	0 1 3 2 6 7 5 4 9 8 
2.66033	0 1 2 3 8 7 4 5 9 6 
2.66145	0 1 4 2 5 3 9 6 8 7 
2.66217	1 0 2 3 4 7 5 8 9 6 
2.66232	0 2 1 3 8 4 6 5 9 7 
2.66274	0 1 3 5 2 4 8 6 7 9 
2.66292	0 1 3 2 6 5 9 4 7 8 
2.66295	0 1 2 4 6 5 7 3 9 8 
2.66318	0 2 1 4 5 3 9 8 7 6 
2.66351	0 1 2 3 5 9 7 6 4 8 
2.66357	0 2 1 3 4 9 6 7 8 5 
2.66364	0 2 1 4 3 6 9 7 8 5 
2.66371	0 2 1 3 5 8 4 9 6 7 
2.66412	0 1 3 4 5 2 7 6 9 8 
2.66427	0 1 3 2 5 7 8 4 9 6 
2.66525	0 1 2 5 3 8 6 4 9 7 
2.66649	0 2 1 4 3 8 7 6 5 9 
2.66674	0 1 2 4 5 6 8 3 7 9 
2.66687	0 1 2 6 3 5 7 4 9 8 
2.66705	0 2 3 1 4 7 5 6 8 9 
2.66748	0 2 1 4 3 7 6 8 9 5 
2.66767	0 1 3 2 9 4 5 7 6 8 
2.66815	0 1 3 2 5 9 4 8 6 7 
2.66822	1 0 2 3 5 4 8 7 9 6 
2.66839	0 2 3 1 4 5 8 7 6 9 
2.6688	0 2 1 3 6 5 8 4 7 9 
2.6688	0 1 2 7 3 5 4 6 9 8 
2.66886	0 1 2 7 3 4 5 9 6 8 
2.66952	0 1 2 6 4 5 3 7 9 8 
2.66953	0 1 2 4 5 7 6 3 9 8 
2.66957	0 2 1 4 6 3 7 5 9 8 
2.67008	0 1 2 7 4 3 5 6 8 9 
2.67012	0 1 2 4 5 8 3 9 6 7 
2.67309	0 2 3 1 4 6 7 5 8 9 
2.67334	0 1 3 4 2 8 7 6 5 9 
2.6736	0 1 4 2 6 3 7 5 8 9 
2.6737	0 1 2 4 9 3 5 8 6 7 
2.67408	0 1 4 2 5 3 7 9 8 6 
2.6742	0 2 1 3 4 9 8 5 6 7 
2.67505	0 2 1 5 3 4 8 9 7 6 
2.67721	0 1 3 2 6 5 7 8 4 9 
2.67732	0 1 3 5 2 4 7 8 6 9 
2.67758	0 1 2 3 6 9 4 7 8 5 
2.67767	0 1 4 2 5 3 9 7 6 8 
2.6779	0 2 1 4 3 7 8 5 9 6 
2.67856	0 1 2 3 8 6 5 7 4 9 
2.67903	0 1 3 2 9 4 5 6 8 7 
2.67956	0 1 2 3 5 7 9 8 4 6 
2.6798	0 1 3 2 6 8 4 7 5 9 
2.67986	0 2 3 1 5 4 6 7 8 9 
2.68134	1 0 2 3 6 4 7 5 8 9 
2.6817	0 1 2 3 7 5 6 8 9 4 
2.68199	0 1 2 6 5 3 4 7 8 9 
2.68266	0 1 4 3 2 7 5 8 9 6 
2.68301	1 0 2 3 6 4 5 9 8 7 
2.68349	0 2 1 3 7 4 6 9 5 8 
2.68428	0 2 1 5 4 3 8 6 9 7 
2.68559	0 1 2 3 5 9 6 8 4 7 
2.68562	0 1 2 4 9 3 5 7 8 6 
2.68568	0 1 4 2 3 7 9 5 8 6 
2.68603	0 1 3 4 2 7 6 9 8 5 
2.6864	0 1 2 3 7 9 4 5 6 8 
2.68668	0 1 2 3 5 8 9 6 4 7 
2.68711	0 1 3 5 2 4 6 9 7 8 
2.68713	0 1 3 2 8 5 4 7 9 6 
2.68804	0 1 3 2 7 6 5 4 8 9 
2.68902	0 1 2 4 7 3 9 5 8 6 
2.68907	0 2 1 3 7 5 6 4 8 9 
2.68914	0 1 4 3 2 8 5 7 6 9 
2.68942	0 1 3 4 2 9 5 8 6 7 
2.68949	0 1 4 3 2 6 8 7 5 9 
2.69062	0 1 2 5 3 9 4 7 8 6 
2.69079	0 1 3 2 7 4 8 6 9 5 
2.69082	0 2 1 3 4 8 9 5 7 6 
2.69097	0 2 1 5 4 3 7 9 6 8 
2.69102	0 2 1 6 3 4 5 7 8 9 
2.69145	0 1 2 6 4 3 9 5 8 7 
2.69185	0 1 2 5 3 9 4 8 6 7 
2.69192	0 1 2 3 8 4 9 7 6 5 
2.69194	0 1 3 4 2 9 5 7 8 6 
2.69249	0 1 5 2 3 4 6 7 9 8 
2.69259	0 1 2 3 9 5 6 4 7 8 
2.69273	0 2 1 3 4 7 9 8 5 6 
2.69295	0 1 2 5 3 7 6 8 4 9 
2.69331	0 1 5 2 3 4 6 8 7 9 
2.69423	0 1 2 6 3 5 8 4 7 9 
2.69534	0 1 3 4 2 7 9 6 5 8 
2.69573	0 2 3 1 4 6 5 8 9 7 
2.69608	0 3 1 2 4 6 7 5 8 9 
2.69648	1 0 2 3 4 9 5 6 7 8 
2.69952	0 2 1 5 3 4 9 7 8 6 
2.69959	0 1 4 2 6 3 7 5 9 8 
2.7003	0 1 2 5 3 6 9 4 8 7 
2.70063	0 1 3 2 6 5 9 4 8 7 
2.70069	0 1 2 6 4 5 3 8 7 9 
2.70262	0 1 4 2 3 8 6 9 5 7 
2.70281	0 1 3 4 2 9 6 5 8 7 
2.70355	0 1 4 2 3 9 5 8 7 6 
2.70371	0 1 2 3 9 4 8 7 5 6 
2.70439	0 1 2 4 7 5 3 9 6 8 
2.70534	1 0 2 3 4 7 5 9 8 6 
2.70552	1 0 2 3 6 5 4 7 8 9 
2.70571	0 1 2 3 5 8 6 9 7 4 
2.70689	0 1 2 3 6 8 7 5 4 9 
2.70742	0 1 2 6 3 4 9 8 5 7 
2.7076	0 2 1 3 7 6 4 5 9 8 
2.70777	1 0 2 3 4 8 6 5 9 7 
2.70786	0 1 2 3 8 6 4 9 7 5 
2.70791	0 2 1 3 4 7 8 9 6 5 
2.70859	0 1 3 4 2 8 7 5 9 6 
2.70867	0 3 1 2 4 7 5 6 8 9 
2.70879	0 2 1 3 4 8 9 6 5 7 
2.70902	0 1 4 3 2 8 5 6 9 7 
2.70989	0 1 4 3 2 8 6 5 7 9 
2.70999	0 2 1 3 5 7 8 4 6 9 
2.71062	0 2 1 5 3 4 9 8 6 7 
2.71119	1 0 2 3 4 6 9 7 5 8 
2.71124	0 1 5 2 3 4 7 6 8 9 
2.71141	0 2 1 4 3 9 5 8 7 6 
2.7118	1 0 2 3 4 7 6 8 5 9 
2.71315	0 2 1 3 5 6 7 8 4 9 
2.71424	0 1 2 5 3 8 7 4 6 9 
2.71429	0 2 1 5 3 7 4 6 8 9 
2.71649	0 1 2 3 9 4 8 6 7 5 
2.71819	0 2 1 3 4 8 7 9 5 6 
2.71826	1 0 2 3 6 4 7 5 9 8 
2.7183	0 3 1 2 4 5 6 9 8 7 
2.71851	0 2 1 4 3 7 6 9 8 5 
2.71866	0 1 4 3 2 7 6 8 5 9 
2.71867	0 1 2 5 4 7 3 9 6 8 
2.71879	0 1 3 2 5 6 7 9 4 8 
2.71895	0 1 2 5 7 3 4 6 8 9 
2.71901	0 1 2 5 6 3 4 8 9 7 
2.71965	0 1 3 4 2 7 9 5 8 6 
2.71967	0 2 1 3 6 4 9 8 5 7 
2.71968	0 1 3 2 8 4 7 5 9 6 
2.72015	0 1 3 2 5 9 4 8 7 6 
2.72087	0 1 2 7 4 3 5 6 9 8 
2.72228	0 1 2 3 6 7 9 4 5 8 
2.72254	0 1 2 4 7 6 3 5 8 9 
2.72328	0 1 3 2 8 6 4 5 7 9 
2.72413	0 2 1 4 6 3 8 5 7 9 
2.7245	0 2 1 3 6 7 5 4 8 9 
2.72516	1 0 2 3 5 4 8 9 6 7 
2.72578	0 1 2 3 6 9 4 8 7 5 
2.72581	0 1 4 2 5 3 8 7 9 6 
2.72633	0 1 4 3 2 7 5 9 8 6 
2.72684	0 1 2 3 6 5 8 9 7 4 
2.72703	0 1 2 5 6 4 3 7 8 9 
2.72741	0 1 3 2 6 7 4 9 5 8 
2.72754	0 1 3 2 9 4 6 5 7 8 
2.72803	0 2 1 4 3 6 9 8 7 5 
2.7282	0 2 1 3 5 8 4 9 7 6 
2.72999	0 2 3 1 4 5 8 6 9 7 
2.73007	0 1 2 3 9 5 6 4 8 7 
2.73093	0 1 4 2 3 8 7 5 9 6 
2.7312	0 1 2 3 6 7 5 8 9 4 
2.73125	0 1 2 3 9 4 7 8 6 5 
2.73151	0 1 4 2 3 9 7 6 5 8 
2.73195	0 1 3 4 5 2 6 8 9 7 
2.73284	0 1 4 3 2 6 9 5 8 7 
2.73324	0 3 1 2 4 5 8 7 6 9 
2.73338	0 1 2 3 7 5 9 6 4 8 
2.73494	0 1 3 5 2 4 6 9 8 7 
2.73527	0 1 3 4 2 8 6 9 5 7 
2.73655	0 1 3 5 2 4 8 7 6 9 
2.73689	0 1 2 5 3 9 4 8 7 6 
2.7376	0 1 2 5 6 3 4 9 7 8 
2.73773	0 1 3 4 2 6 8 9 7 5 
2.73814	0 1 3 4 2 9 5 8 7 6 
2.7383	1 0 2 3 5 7 4 6 8 9 
2.73834	0 1 2 3 7 6 8 5 4 9 
2.73958	0 3 1 2 4 6 5 8 9 7 
2.7396	1 0 2 3 5 6 4 9 7 8 
2.73995	0 1 3 2 5 8 7 4 9 6 
2.74021	0 1 3 2 6 8 5 4 7 9 
2.74048	0 2 1 5 4 3 7 8 9 6 
2.74154	0 1 2 3 8 6 7 4 5 9 
2.74309	0 1 3 2 8 4 6 9 5 7 
2.74325	0 1 3 4 2 6 9 7 8 5 
2.74329	0 1 3 4 5 2 6 9 7 8 
2.74342	0 1 3 4 5 2 7 8 6 9 
2.74365	1 0 2 3 5 6 4 8 9 7 
2.74394	0 2 3 1 5 4 6 8 7 9 
2.74473	0 2 3 1 4 5 7 9 6 8 
2.74492	0 2 1 3 5 9 4 6 7 8 
2.74508	0 1 3 2 6 5 8 7 4 9 
2.74528	0 1 2 5 4 8 3 6 7 9 
2.7457	0 1 2 4 5 9 3 8 6 7 
2.7458	0 2 1 3 4 9 6 8 7 5 
2.74584	0 2 1 3 8 4 6 7 5 9 
2.74683	0 2 1 3 7 5 4 9 6 8 
2.74709	0 1 3 2 8 5 4 9 6 7 
2.74843	0 1 4 2 3 8 6 7 9 5 
2.74929	0 1 2 4 5 8 3 9 7 6 
2.74947	0 2 1 4 3 7 9 6 5 8 
2.7498	0 2 3 1 4 6 5 9 7 8 
2.75027	0 2 1 3 4 9 8 5 7 6 
2.75048	0 2 1 5 3 4 9 8 7 6 
2.75091	1 0 2 3 4 9 5 6 8 7 
2.75209	0 2 1 3 8 4 5 7 9 6 
2.75235	0 1 2 4 5 9 3 7 8 6 
2.75312	0 1 2 4 7 3 8 6 9 5 
2.75387	0 2 1 3 6 4 8 9 7 5 
2.75439	0 1 3 2 5 7 8 6 4 9 
2.75464	0 2 3 1 4 7 5 6 9 8 
2.75471	0 1 2 3 9 6 4 7 5 8 
2.75568	0 2 1 3 8 5 4 7 6 9 
2.75655	0 1 2 7 3 4 5 8 9 6 
2.75684	0 1 3 4 5 2 8 6 7 9 
2.7574	0 1 2 6 3 4 8 9 7 5 
2.75756	0 1 2 6 5 3 4 8 7 9 
2.75764	1 0 2 3 6 5 4 7 9 8 
2.75781	0 1 3 2 7 5 8 4 6 9 
2.75932	0 2 1 3 6 8 4 5 7 9 
2.75941	0 2 1 3 7 4 8 6 5 9 
2.75943	0 3 1 2 4 6 5 9 7 8 
2.76012	0 1 3 2 5 7 9 4 6 8 
2.76018	0 1 2 3 8 5 9 4 6 7 
2.76056	0 2 1 4 5 6 3 7 8 9 
2.76138	0 2 1 6 3 4 5 8 7 9 
2.76281	0 1 2 4 9 3 6 7 5 8 
2.76321	0 1 2 3 7 8 5 4 9 6 
2.76357	0 3 1 2 5 4 6 7 8 9 
2.76386	0 1 2 4 9 3 5 8 7 6 
2.76482	0 2 1 5 4 3 9 6 7 8 
2.76495	0 1 2 4 9 3 7 5 6 8 
2.76513	0 1 2 4 5 6 8 3 9 7 
2.76517	0 2 1 4 3 8 6 9 5 7 
2.7662	0 1 3 2 5 8 6 7 4 9 
2.76705	1 0 2 3 4 7 6 9 5 8 
2.76834	0 1 2 4 7 6 3 5 9 8 
2.76834	0 1 2 3 5 7 9 6 8 4 
2.76873	0 1 4 3 2 7 6 9 5 8 
2.76935	0 1 2 3 6 7 8 4 9 5 
2.77012	0 1 2 4 5 6 9 3 7 8 
2.77054	0 1 2 4 8 3 6 9 5 7 
2.77057	0 1 2 3 7 8 4 6 9 5 
2.77063	0 2 1 4 3 9 6 7 5 8 
2.77102	0 2 3 1 5 4 7 6 8 9 
2.7715	0 2 3 1 4 6 7 5 9 8 
2.77274	1 0 2 3 4 7 8 5 6 9 
2.77344	0 2 1 3 7 5 6 4 9 8 
2.77362	0 1 2 7 3 5 4 8 6 9 
2.77431	0 1 3 4 2 9 7 5 6 8 
2.77437	0 1 2 8 3 4 5 6 7 9 
2.77571	0 3 1 2 4 6 7 5 9 8 
2.77581	0 2 1 4 3 8 7 5 9 6 
2.77589	0 1 2 7 3 4 6 8 5 9 
2.77709	0 1 3 2 9 4 5 7 8 6 
2.77741	0 2 1 3 5 8 6 4 9 7 
2.77793	0 1 4 2 3 9 6 8 5 7 
2.77881	0 2 1 6 3 4 5 7 9 8 
2.77901	0 1 2 4 6 8 3 5 7 9 
2.77996	0 1 3 2 8 4 6 7 9 5 
2.78005	0 1 2 4 8 3 7 5 9 6 
2.78011	0 1 2 4 8 5 3 6 7 9 
2.78042	0 3 1 2 4 7 5 6 9 8 
2.78044	0 2 1 3 7 5 4 8 9 6 
2.78075	0 1 2 3 6 8 5 9 4 7 
2.78147	0 2 1 4 3 9 7 5 6 8 
2.78155	0 1 4 2 3 7 8 6 9 5 
2.78202	1 0 2 3 6 5 4 8 7 9 
2.78257	0 2 1 3 4 9 8 6 5 7 
2.78309	0 1 2 6 5 3 4 7 9 8 
2.78317	1 0 2 3 5 4 9 7 8 6 
2.78339	0 2 1 3 8 4 7 5 6 9 
2.78352	0 1 2 3 5 7 8 9 6 4 
2.78362	1 0 2 3 5 4 9 8 6 7 
2.78371	0 2 1 5 3 6 4 8 9 7 
2.78398	0 1 3 2 7 6 5 4 9 8 
2.78455	0 2 1 3 4 7 9 8 6 5 
2.78464	0 1 2 5 7 3 4 6 9 8 
2.78493	0 2 1 3 4 9 7 6 8 5 
2.78571	0 1 5 2 3 4 7 6 9 8 
2.78588	0 1 2 6 4 3 9 7 5 8 
2.78631	0 1 4 2 5 3 8 9 6 7 
2.78771	1 0 2 3 4 6 8 9 5 7 
2.78786	0 1 3 2 8 5 6 4 7 9 
2.78808	0 2 1 3 5 9 4 6 8 7 
2.78841	0 2 3 1 5 4 6 7 9 8 
2.78895	1 0 2 3 4 8 5 7 9 6 
2.78899	0 1 2 3 7 9 4 5 8 6 
2.78911	0 2 1 3 5 8 7 4 6 9 
2.78928	0 1 3 2 9 4 6 5 8 7 
2.78936	1 0 2 3 4 8 5 9 6 7 
2.78995	1 0 2 3 4 9 5 7 6 8 
2.79039	0 2 1 3 8 5 4 6 9 7 
2.7904	0 2 1 3 5 9 4 7 6 8 
2.79059	0 1 2 3 7 5 6 9 8 4 
2.79068	0 1 2 7 4 3 6 5 8 9 
2.79111	0 2 1 5 4 3 7 9 8 6 
2.79145	1 0 2 3 5 7 4 6 9 8 
2.79157	0 2 1 4 3 7 9 5 8 6 
2.7918	0 1 2 3 7 9 4 6 5 8 
2.79227	0 2 1 3 6 4 9 7 8 5 
2.79263	1 0 2 3 5 4 8 9 7 6 
2.79282	0 2 3 1 4 7 6 5 8 9 
2.79311	0 1 3 2 9 4 5 8 6 7 
2.79499	0 1 2 3 8 5 6 9 4 7 
2.79546	0 1 3 2 7 4 9 6 8 5 
2.7965	0 1 2 4 6 7 3 8 5 9 
2.79685	0 1 3 4 2 9 6 7 5 8 
2.79693	0 1 2 6 4 3 7 8 9 5 
2.79806	0 1 2 5 6 4 3 7 9 8 
2.79846	0 1 3 2 6 7 4 8 9 5 
2.79898	0 1 4 3 2 6 9 7 5 8 
2.79953	0 1 2 3 9 5 7 4 6 8 
2.79955	0 2 3 1 4 5 7 8 9 6 
2.80069	0 1 2 6 3 7 5 4 8 9 
2.80079	0 1 2 6 3 4 9 7 8 5 
2.80179	0 2 1 3 6 7 4 8 5 9 
2.80201	0 1 3 4 2 6 9 8 7 5 
2.80219	1 0 2 3 4 9 6 5 7 8 
2.80463	0 2 1 5 4 3 8 7 9 6 
2.80537	0 2 1 3 5 6 8 7 4 9 
2.80547	0 2 1 5 3 7 4 6 9 8 
2.80715	0 2 1 3 4 8 7 9 6 5 
2.80732	0 1 2 4 8 3 6 7 9 5 
2.80746	0 1 2 4 6 5 8 3 7 9 
2.80836	0 3 1 2 4 5 8 6 9 7 
2.80931	0 1 4 3 2 8 6 5 9 7 
2.80933	0 2 1 5 4 3 9 6 8 7 
2.80998	0 1 2 3 9 4 8 7 6 5 
2.81092	0 3 1 2 4 5 7 9 6 8 
2.81172	0 1 3 2 7 6 4 9 5 8 
2.81185	0 1 2 3 5 9 8 6 4 7 
2.81194	0 2 1 3 6 7 5 4 9 8 
2.81307	0 2 1 3 5 7 6 8 4 9 
2.81352	0 1 3 2 8 5 4 9 7 6 
2.81359	0 1 2 5 6 4 3 8 7 9 
2.81367	0 1 4 2 5 3 9 7 8 6 
2.81409	0 1 3 4 2 8 9 5 6 7 
2.81423	0 2 1 4 6 3 8 5 9 7 
2.81442	0 1 2 5 3 6 7 9 4 8 
2.81458	0 1 2 3 7 8 6 4 5 9 
2.81486	0 1 2 5 6 3 4 9 8 7 
2.81487	0 1 2 3 7 6 9 4 5 8 
2.81495	0 2 3 1 4 6 5 9 8 7 
2.81508	0 1 3 5 2 4 8 6 9 7 
2.81552	0 1 2 3 5 8 9 7 4 6 
2.81556	0 1 2 7 3 4 5 9 8 6 
2.81556	0 3 1 2 4 7 6 5 8 9 
2.81583	0 1 2 6 3 8 4 5 7 9 
2.81633	0 2 1 4 5 6 3 7 9 8 
2.81634	0 1 2 3 6 5 9 7 8 4 
2.81807	1 0 2 3 5 6 4 9 8 7 
2.81931	0 1 4 3 2 7 8 5 6 9 
2.82013	0 1 3 4 5 2 6 9 8 7 
2.82055	0 1 4 2 3 8 9 5 6 7 
2.82062	0 2 1 5 4 3 9 7 6 8 
2.82067	0 1 3 2 7 4 8 9 5 6 
2.82133	0 2 1 3 7 6 5 4 8 9 
2.82195	0 1 2 3 8 5 9 4 7 6 
2.82217	0 1 2 4 5 9 3 8 7 6 
2.82276	0 1 2 6 4 3 8 9 5 7 
2.8229	0 1 4 3 2 9 5 6 7 8 
2.82337	0 1 2 4 7 5 3 8 9 6 
2.82483	0 2 1 4 5 6 3 8 7 9 
2.82581	0 2 1 4 7 3 5 6 8 9 
2.82628	1 0 2 3 4 6 9 8 5 7 
2.82658	1 0 2 3 4 6 7 8 9 5 
2.82712	0 1 3 2 5 7 6 9 4 8 
2.82729	0 3 1 2 4 6 5 9 8 7 
2.82753	0 2 1 3 6 5 8 4 9 7 
2.82789	0 1 4 2 6 3 8 5 7 9 
2.82859	0 1 3 4 2 8 6 7 9 5 
2.82878	0 1 2 3 7 8 5 6 4 9 
2.82942	0 1 3 2 5 9 6 4 7 8 
2.82976	0 1 3 2 5 8 7 6 4 9 
2.82982	0 1 2 5 3 7 8 4 9 6 
2.83056	0 1 2 3 9 7 4 5 6 8 
2.83241	0 1 2 6 4 5 3 9 7 8 
2.83269	0 1 4 2 3 7 9 6 8 5 
2.83302	0 1 3 4 5 2 8 7 6 9 
2.83317	0 2 1 3 8 4 5 9 6 7 
2.83373	0 1 2 5 4 7 3 8 9 6 
2.83437	0 1 2 4 5 6 9 3 8 7 
2.83455	0 1 2 3 8 7 5 4 9 6 
2.83671	0 1 4 2 5 3 9 8 6 7 
2.83732	0 1 4 2 3 9 6 7 8 5 
2.8377	0 1 2 7 4 3 5 8 6 9 
2.83778	0 2 1 4 3 8 6 7 9 5 
2.83893	1 0 2 3 4 8 7 5 6 9 
2.83907	0 1 2 6 4 5 3 8 9 7 
2.83909	0 2 3 1 4 6 8 5 7 9 
2.83971	0 1 4 2 3 9 7 5 8 6 
2.84075	0 1 2 7 4 3 6 5 9 8 
2.8408	0 1 3 2 9 4 5 8 7 6 
2.84098	0 1 2 5 4 8 3 6 9 7 
2.84121	0 3 1 2 5 4 6 8 7 9 
2.84216	0 1 3 4 6 2 5 7 8 9 
2.84234	0 1 2 6 4 3 7 9 8 5 
2.8438	0 1 5 2 3 4 6 8 9 7 
2.84401	0 1 2 5 4 8 3 7 6 9 
2.8455	0 3 1 2 5 4 7 6 8 9 
2.84567	0 1 2 3 6 8 7 4 9 5 
2.84675	0 2 3 1 4 7 5 8 6 9 
2.84705	0 1 2 6 3 4 9 8 7 5 
2.84725	0 2 1 3 7 4 6 8 9 5 
2.84769	0 1 3 2 8 4 9 5 6 7 
2.84771	0 1 4 3 2 6 7 8 9 5 
2.84829	0 1 2 3 7 5 8 6 9 4 
2.84907	0 1 2 3 8 7 4 6 9 5 
2.84917	0 1 2 3 6 7 5 9 8 4 
2.84958	1 0 2 3 4 8 6 7 5 9 
2.84964	1 0 2 3 5 4 9 8 7 6 
2.84999	1 0 2 3 6 4 8 5 7 9 
2.85167	0 2 1 5 4 3 8 9 6 7 
2.85197	0 1 2 3 7 6 5 8 9 4 
2.85252	0 1 2 5 3 7 9 4 6 8 
2.85315	0 2 1 5 3 6 4 9 7 8 
2.85381	0 1 3 4 2 7 8 6 9 5 
2.85428	0 1 4 2 3 8 6 9 7 5 
2.8549	0 1 2 6 3 7 4 8 5 9 
2.85509	0 2 1 3 6 4 9 8 7 5 
2.85515	1 0 2 3 4 6 7 9 8 5 
2.85539	0 2 1 3 7 4 8 5 9 6 
2.85576	0 1 2 4 7 5 3 9 8 6 
2.85609	0 1 4 2 5 3 8 9 7 6 
2.8566	0 1 2 5 3 7 8 6 4 9 
2.85662	1 0 2 3 4 9 6 5 8 7 
2.85751	0 1 2 4 7 3 9 6 8 5 
2.85768	0 1 3 5 2 6 4 7 8 9 
2.85783	0 1 2 3 9 6 4 8 5 7 
2.85818	0 1 3 2 9 4 7 5 6 8 
2.85882	0 1 2 7 3 4 8 5 6 9 
2.85937	0 1 3 2 5 7 9 4 8 6 
2.85958	0 1 2 5 3 8 6 7 4 9 
2.86009	0 3 1 2 5 4 6 7 9 8 
2.86064	0 1 2 6 4 3 8 7 9 5 
2.86079	0 1 4 2 5 6 3 7 8 9 
2.86099	0 3 1 2 4 5 7 8 9 6 
2.86111	0 1 2 3 5 9 7 8 4 6 
2.86125	0 2 1 3 4 9 7 8 5 6 
2.86144	0 1 3 2 8 6 4 5 9 7 
2.8616	0 2 1 3 5 6 9 4 7 8 
2.8623	0 1 3 2 7 4 9 8 5 6 
2.86304	0 1 2 5 4 7 3 9 8 6 
2.86344	0 1 2 4 9 3 7 6 5 8 
2.86463	0 1 4 3 2 8 5 7 9 6 
2.86551	0 1 2 4 8 5 3 7 6 9 
2.86569	0 2 3 1 4 5 9 6 7 8 
2.86715	0 2 1 5 3 7 4 8 6 9 
2.86737	0 1 2 6 3 5 8 4 9 7 
2.86786	0 1 2 3 5 8 7 9 6 4 
2.86815	0 1 2 7 3 6 4 5 8 9 
2.86986	0 1 2 5 4 6 7 3 8 9 
2.87017	0 1 5 2 3 4 8 6 7 9 
2.8704	0 2 1 4 6 3 7 8 5 9 
2.87065	0 1 3 2 5 9 6 4 8 7 
2.87079	0 2 1 6 3 4 7 5 8 9 
2.87091	0 1 5 2 3 4 6 9 7 8 
2.87162	0 1 2 3 7 5 8 9 4 6 
2.87192	0 1 3 2 5 6 8 9 4 7 
2.87233	0 2 3 1 5 4 7 6 9 8 
2.87376	0 1 4 3 2 6 7 9 8 5 
2.8747	0 2 1 3 9 4 5 6 7 8 
2.87523	0 1 4 2 3 9 8 5 6 7 
2.87649	0 1 2 3 9 5 7 4 8 6 
2.87755	0 1 3 5 2 4 7 9 6 8 
2.87796	0 1 2 3 6 5 9 8 7 4 
2.878	0 1 2 3 9 6 5 4 7 8 
2.87863	0 2 1 3 5 9 4 7 8 6 
2.87873	0 1 3 4 2 9 7 6 5 8 
2.87873	0 2 1 4 3 7 8 6 9 5 
2.87919	0 2 1 3 7 5 4 9 8 6 
2.87927	0 1 3 4 2 8 9 5 7 6 
2.8794	0 2 1 3 4 8 9 6 7 5 
2.87953	0 1 3 2 5 6 9 7 4 8 
2.88007	1 0 2 3 4 7 9 5 6 8 
2.88045	0 1 2 4 8 5 3 6 9 7 
2.88065	0 2 3 1 4 5 7 9 8 6 
2.88082	0 2 1 4 7 3 5 6 9 8 
2.88101	0 1 2 3 7 8 4 9 5 6 
2.88134	0 1 2 8 3 4 5 7 6 9 
2.88183	0 1 4 2 3 8 7 6 9 5 
2.88219	0 1 2 4 6 8 3 5 9 7 
2.88247	0 1 4 2 5 6 3 7 9 8 
2.88293	0 2 1 3 6 8 4 5 9 7 
2.88302	0 2 1 3 4 8 9 7 5 6 
2.88326	0 2 3 1 4 7 6 5 9 8 
2.88336	0 2 1 3 8 4 7 6 5 9 
2.88387	0 1 2 7 3 4 6 9 5 8 
2.88458	0 1 3 2 9 4 6 7 5 8 
2.88487	0 1 5 2 3 4 7 8 6 9 
2.88535	0 1 2 4 6 7 3 9 5 8 
2.8859	0 1 2 3 8 7 6 4 5 9 
2.88605	0 1 2 3 7 6 8 4 9 5 
2.88643	0 3 1 2 4 7 6 5 9 8 
2.88712	0 3 1 2 4 7 5 8 6 9 
2.88875	0 1 3 2 6 8 5 4 9 7 
2.88958	0 1 3 5 2 4 7 8 9 6 
2.89062	0 1 3 2 8 6 4 7 5 9 
2.89067	0 1 3 4 5 2 7 9 6 8 
2.89069	1 0 2 3 4 6 8 7 9 5 
2.89104	0 3 1 2 4 6 8 5 7 9 
2.89175	0 1 4 3 2 9 5 7 6 8 
2.89205	0 1 2 6 3 7 5 4 9 8 
2.89246	1 0 2 3 4 8 5 9 7 6 
2.89252	0 1 3 2 6 7 4 9 8 5 
2.8928	0 1 3 4 2 9 7 5 8 6 
2.89412	0 1 2 8 3 4 5 6 9 7 
2.89557	0 2 1 4 3 9 6 8 5 7 
2.89639	0 2 1 3 5 9 4 8 6 7 
2.89652	0 1 4 3 2 9 5 6 8 7 
2.89717	1 0 2 3 6 5 4 9 7 8 
2.89719	0 1 2 5 3 7 6 9 4 8 
2.89735	0 1 3 2 6 5 7 9 4 8 
2.89736	0 1 4 2 7 3 5 6 8 9 
2.89737	0 2 1 3 7 6 5 4 9 8 
2.89753	0 1 2 8 3 4 6 5 7 9 
2.8985	0 2 1 6 3 4 5 8 9 7 
2.89878	0 2 3 1 4 5 8 7 9 6 
2.89931	0 1 4 3 2 6 8 9 5 7 
2.89966	0 2 1 4 3 9 7 6 5 8 
2.90006	1 0 2 3 4 7 8 6 5 9 
2.90009	0 2 1 5 4 3 8 9 7 6 
2.90048	0 1 2 5 7 3 4 8 6 9 
2.90066	0 1 3 2 8 4 6 9 7 5 
2.90072	0 1 2 6 4 3 9 8 5 7 
2.90107	0 1 3 2 7 6 4 8 9 5 
2.90229	0 1 3 2 7 4 8 9 6 5 
2.90252	0 1 4 3 2 8 5 9 6 7 
2.90387	0 1 2 3 5 7 9 8 6 4 
2.90432	0 1 3 4 2 9 6 8 5 7 
2.90456	0 2 1 3 8 6 4 5 7 9 
2.90472	0 1 4 2 5 3 9 8 7 6 
2.90473	1 0 2 3 4 9 5 8 6 7 
2.90535	0 1 3 5 2 6 4 8 7 9 
2.9054	0 2 1 3 7 4 9 5 6 8 
2.90583	0 1 2 3 6 8 5 7 9 4 
2.90611	0 1 4 2 3 8 9 6 5 7 
2.90627	0 1 4 3 5 2 6 7 8 9 
2.90644	0 1 3 4 2 9 8 5 6 7 
2.90646	0 1 2 3 8 7 5 6 4 9 
2.90647	0 2 3 1 5 4 6 8 9 7 
2.90678	1 0 2 3 5 7 4 8 6 9 
2.90713	0 1 2 4 8 3 9 5 6 7 
2.90733	0 1 3 4 2 8 6 9 7 5 
2.90735	0 1 4 3 2 8 6 7 5 9 
2.90772	0 2 1 3 7 4 6 9 8 5 
2.90907	1 0 2 3 7 4 5 6 8 9 
2.90943	0 2 1 5 4 3 9 7 8 6 
2.90953	0 1 2 4 9 3 6 8 5 7 
2.90954	0 1 3 4 5 2 8 6 9 7 
2.90974	0 1 2 5 6 3 7 4 8 9 
2.90995	0 2 1 5 4 3 9 8 6 7 
2.90999	0 1 3 2 8 4 7 6 9 5 
2.91075	0 1 2 3 8 6 7 5 4 9 
2.91094	0 2 1 5 3 6 4 9 8 7 
2.91104	0 1 2 6 4 5 3 9 8 7 
2.91165	0 2 3 1 5 4 8 6 7 9 
2.9126	1 0 2 3 6 5 4 8 9 7 
2.91281	0 1 2 5 4 6 7 3 9 8 
2.91293	0 1 4 3 2 8 7 5 6 9 
2.91338	0 1 3 2 8 5 7 4 6 9 
2.91366	0 2 1 3 5 6 9 4 8 7 
2.91375	0 1 3 2 6 9 4 5 7 8 
2.91401	0 1 3 4 6 2 5 7 9 8 
2.91416	0 1 2 7 3 5 4 9 6 8 
2.91471	0 1 4 2 6 3 9 5 7 8 
2.91508	0 1 2 3 7 9 5 4 6 8 
2.91511	0 2 1 4 6 3 9 5 7 8 
2.91513	0 2 1 6 4 3 5 7 8 9 
2.91528	0 1 2 3 6 7 9 5 4 8 
2.91548	0 1 2 3 9 6 5 4 8 7 
2.91591	0 1 4 2 7 3 5 6 9 8 
2.91619	0 1 2 4 6 5 8 3 9 7 
2.91662	0 1 2 4 6 7 5 3 8 9 
2.9171	0 1 2 4 7 3 8 9 5 6 
2.91796	0 1 4 2 6 3 7 8 5 9 
2.918	0 1 4 2 3 9 6 8 7 5 
2.91806	0 1 2 5 3 8 7 4 9 6 
2.91915	0 1 2 5 4 9 3 6 7 8 
2.91925	0 1 3 4 2 7 8 9 5 6 
2.91962	0 2 1 3 8 4 5 9 7 6 
2.92076	0 1 2 3 5 9 8 7 4 6 
2.92144	0 1 2 4 5 8 6 3 7 9 
2.92186	0 1 3 4 6 2 5 8 7 9 
2.92186	0 1 4 2 6 3 8 5 9 7 
2.92194	0 2 3 1 4 8 5 6 7 9 
2.92224	0 1 3 4 2 8 9 6 5 7 
2.92241	0 2 1 4 6 5 3 7 8 9 
2.92273	0 1 2 7 3 5 6 4 8 9 
2.9231	0 1 3 2 7 5 6 8 4 9 
2.92344	0 2 3 1 5 4 7 8 6 9 
2.92404	0 1 3 2 8 4 9 5 7 6 
2.92415	0 1 4 2 3 8 9 5 7 6 
2.92509	0 2 1 3 5 7 8 4 9 6 
2.92538	0 1 4 3 2 9 6 5 7 8 
2.92553	0 1 2 5 3 9 6 4 7 8 
2.92561	0 2 1 3 6 5 7 8 4 9 
2.92651	0 1 2 4 8 3 7 6 9 5 
2.92668	0 2 1 4 6 3 8 7 5 9 
2.9267	0 1 3 2 8 5 6 4 9 7 
2.92701	0 1 3 4 2 7 9 6 8 5 
2.9279	0 2 1 3 7 6 4 8 5 9 
2.92857	0 1 2 3 6 7 9 4 8 5 
2.92926	0 1 2 3 5 9 6 7 8 4 
2.93	0 1 4 3 2 7 8 6 5 9 
2.93106	0 1 5 2 4 3 6 7 8 9 
2.93128	0 1 4 3 2 7 9 5 6 8 
2.93264	0 1 2 7 3 6 4 5 9 8 
2.93312	0 1 2 3 9 7 4 5 8 6 
2.93332	0 1 2 4 8 3 6 9 7 5 
2.93401	0 1 2 3 8 5 6 7 9 4 
2.9343	0 2 1 3 9 4 5 6 8 7 
2.93452	0 1 4 2 5 6 3 8 7 9 
2.93576	0 2 1 4 5 6 3 8 9 7 
2.93591	0 1 2 6 5 3 4 8 9 7 
2.93719	0 2 3 1 4 5 9 7 6 8 
2.93748	0 2 3 1 4 5 9 6 8 7 
2.93757	0 2 1 4 5 6 3 9 7 8 
2.93872	0 2 1 4 3 9 7 5 8 6 
2.9395	0 2 3 1 4 6 7 8 5 9 
2.93962	0 1 2 4 9 3 7 5 8 6 
2.93969	0 1 5 2 3 4 6 9 8 7 
2.93997	0 1 2 6 3 8 4 5 9 7 
2.94029	0 2 1 6 3 4 7 5 9 8 
2.94055	0 2 1 4 3 8 9 5 6 7 
2.94102	0 2 1 3 5 6 7 9 4 8 
2.94119	0 1 2 7 4 3 5 9 6 8 
2.94146	0 2 1 3 5 9 4 8 7 6 
2.94205	0 1 4 3 2 6 8 7 9 5 
2.94227	0 1 3 2 9 5 4 6 7 8 
2.94258	0 1 3 4 2 8 7 6 9 5 
2.94293	0 1 2 6 5 4 3 7 8 9 
2.94369	0 1 3 2 6 7 5 8 4 9 
2.94386	1 0 2 3 7 4 5 6 9 8 
2.94531	0 1 2 3 9 7 4 6 5 8 
2.94656	0 1 2 4 6 5 9 3 7 8 
2.94667	1 0 2 3 4 9 5 7 8 6 
2.94676	0 3 1 2 5 4 7 6 9 8 
2.94694	0 1 3 2 7 5 8 4 9 6 
2.94762	0 1 2 3 6 9 7 4 5 8 
2.94809	0 1 3 2 6 8 4 7 9 5 
2.94846	0 1 2 4 6 8 3 7 5 9 
2.94938	0 2 1 3 6 7 4 9 5 8 
2.94983	0 1 3 5 2 6 4 7 9 8 
2.94996	0 1 3 2 7 4 9 8 6 5 
2.9504	0 1 4 2 3 9 8 6 5 7 
2.95102	0 1 3 2 7 8 4 5 6 9 
2.95117	1 0 2 3 4 6 9 7 8 5 
2.95147	0 1 2 3 8 6 5 9 4 7 
2.95193	0 1 2 3 6 8 9 4 5 7 
2.9523	0 2 1 3 4 9 8 7 5 6 
2.95246	0 1 2 3 9 6 4 7 8 5 
2.9536	0 2 1 4 6 3 9 5 8 7 
2.95376	0 2 1 3 6 8 4 7 5 9 
2.95422	0 1 4 3 2 6 9 8 5 7 
2.95425	0 2 1 5 4 3 9 8 7 6 
2.95549	0 1 2 3 7 6 5 9 8 4 
2.95605	1 0 2 3 6 4 8 5 9 7 
2.95628	0 1 3 5 2 4 8 7 9 6 
2.95629	0 1 3 4 5 2 7 8 9 6 
2.95632	0 3 1 2 4 5 7 9 8 6 
2.95703	0 1 2 5 3 8 7 6 4 9 
2.95817	0 2 1 4 6 3 7 9 5 8 
2.95821	0 2 1 3 4 9 8 6 7 5 
2.95904	0 1 3 2 8 6 5 4 7 9 
2.95945	0 1 3 2 5 6 7 8 9 4 
2.95945	0 2 1 3 9 4 5 7 6 8 
2.96081	0 2 1 3 4 9 7 8 6 5 
2.96096	0 2 1 4 7 3 6 5 8 9 
2.96122	0 2 1 4 3 8 6 9 7 5 
2.96128	0 1 5 2 3 4 8 7 6 9 
2.96145	0 1 4 2 3 7 8 9 5 6 
2.96167	0 1 3 5 2 4 9 6 7 8 
2.96175	0 1 2 5 6 4 3 9 7 8 
2.96181	0 1 2 7 3 4 8 6 5 9 
2.96238	0 3 1 2 4 5 8 7 9 6 
2.96246	0 1 3 2 6 9 4 5 8 7 
2.96283	0 1 2 6 4 3 8 9 7 5 
2.96286	0 1 2 4 6 7 5 3 9 8 
2.9634	0 1 2 3 9 5 8 4 6 7 
2.96365	0 1 3 4 2 9 8 